-4.457095817123245318e+00
-3.863437989047413090e+00
-4.736397045953380847e+00
-3.286697845646723515e+00
-3.511500007004511481e+00
-6.793910640347152752e-01
-4.195196139926493650e-01
-2.773294178025981771e-01
3.162715287536556286e+00
-2.411997552953716942e-02
2.961008251177651984e-01
-2.471142556686520386e+00
-2.202742624102954849e+00
-2.985360157413196602e-01
-5.149161717216971468e+00
-4.758797854350657275e+00
9.802852588298198722e-01
-2.347169521247839952e-01
-2.291131573719894732e+00
-1.908057649540220169e+00
