-3.772474332726379220e+00
7.126862932529986594e+00
2.491226102741799231e+00
1.776484230138648313e+00
-5.508186793158998285e+00
-3.008038060334153663e+00
-1.651749920528162940e+00
6.375161176763724846e+00
-4.478647954871387782e+00
3.043557770741375457e+00
-1.190515887520190930e+01
1.007666848008487293e+01
-6.414870078501743400e+00
8.694610287688081529e-02
-4.119352896332553193e+00
-9.801756465145155417e+00
-4.401383987744778459e+00
1.573491053329161060e+00
-1.135461869017064584e+00
-2.376264440116638621e+00
