1.827892893947374864e-01 -3.020226396134230717e-01 5.921267504890914690e-01 -9.980102106649678673e-01 1.644659099517549183e+00 -8.947425895063763068e-01 7.691890666828121725e-01 -2.728238448539097583e-01 -2.365431670922319152e-01 1.878964253271584173e-01 1.929879582483834621e+00 -1.345602251375084490e+00 -2.376303117130920572e+00 -7.225475331356496778e-01 -5.398160048687690171e-01 -1.512268958529013885e+00 -5.297670241647992606e-01 1.423298733169459540e+00 -5.285022936571808216e-01 -1.149246546766256927e+00
-2.934856950951963750e+00 5.318797319304757742e-01 3.810932144845811553e+00 5.771304259578740048e-01 -4.680728670946762149e-01 1.125512411513494904e+00 1.149469933192566629e+00 -8.873013490116231361e-02 -1.991249878323052336e+00 -5.607059837240644384e-01 5.660375469597716397e-02 -6.052098447303292383e-01 2.585619366699237087e+00 2.962004029339381450e+00 -3.611174691034088058e-01 8.830358632137171870e-01 1.541828736744928374e+00 -5.577223044125459994e-01 -2.934750051827682338e+00 -4.737192556122168163e+00
2.500570731151892545e+00 -1.596434389764023465e-01 -4.735727182355025100e-01 -2.106295304729664863e+00 -9.671014762745161475e-01 -1.328432046175037406e+00 -1.461413571228092345e-01 -6.296101101638573727e-01 1.591564603623078833e+00 3.764386702077749947e-01 2.030654345366999236e-01 -1.000620623484508531e+00 -3.298191188085435044e-02 -5.498208629142608217e+00 2.140124727150538142e+00 4.014547146493041008e-01 4.162032825451346674e-01 2.311932241064051041e+00 -2.705304583936718910e+00 2.781771163259494806e+00
-2.327370889903365714e-01 8.377154366167061106e-01 6.880249066237803524e-02 -1.006372080632408572e+00 3.599358054555876207e-02 7.215445632967114609e-01 5.157546395495818947e-01 1.641160529992851558e+00 -9.179551724039511917e-01 6.911124054887292090e-01 1.634094454867144330e-01 -4.514215062986358107e-01 -3.360074567843907012e-01 -3.099819755263704568e+00 1.625174296894533965e+00 5.974836114467108050e-01 3.035769045439847602e+00 8.700296770694697646e-01 2.027161296233376930e+00 8.821718694147822060e-01
1.898386829485769756e+00 -1.315993986646442293e+00 -3.156320964256327688e+00 -1.949375620343000604e+00 -2.253667669393405681e+00 -5.336958712901302970e-01 1.339907789515066838e+00 1.260163733511360018e+00 3.447469671103093325e-01 3.975638734720874368e+00 -4.085894998349766105e-01 1.186472995897617927e-01 9.915348718164146424e-02 2.072856762635140182e+00 1.662201589254949652e-01 1.262437338524582842e+00 2.180660095196413906e+00 1.013410835772374119e+00 8.086829204805454641e-01 -2.475341140899659287e+00
-1.415215812980619825e+00 9.505900165528513579e-02 2.292973106744983891e+00 -7.386364416882740258e-01 -1.809251235921722101e+00 3.589519028384152932e+00 3.582337186995949274e+00 -8.135017988371474607e-01 -1.138270915171330389e+00 -5.012476275521307478e+00 7.568432250670787953e-01 -1.868725260521271636e+00 6.843527311921092648e-01 -7.605147217397163484e-01 4.986344836022900129e-01 1.149343905467663296e+00 -1.096539386764339818e+00 2.074169707404331653e-02 6.644582871494414400e-01 -3.283039217466997006e-01
-1.627779486716454782e+00 -9.736089212599152720e-01 5.460934578676023499e+00 -3.151594991404616408e+00 9.714366387836348427e-02 4.274970458902697112e-01 2.757223810030471789e+00 1.400306182838534808e+00 3.409430962589600878e+00 -3.911466322071405433e+00 1.494478021151611324e+00 2.112653141892630315e-01 9.892519729352716729e-01 -2.966006937799453014e-01 -6.294148253260072323e-01 -1.890389095349478410e+00 -1.161481173759721930e+00 1.318259420240974977e+00 -7.621970432662178441e-01 -4.051075946133466665e+00
1.008522282298362382e+00 -4.403188438650684211e-01 -6.237568671947227195e+00 3.092314254356570147e-01 -9.290913321885736487e-01 -1.830519319652394561e+00 -5.037115285734495629e+00 1.630533310140119152e+00 -2.775266406589051993e+00 9.920632168474776691e-01 6.813388891709358797e-01 -8.121113633069365623e-01 7.852251535125815973e-01 -1.870785573366167354e+00 2.009582284769137139e+00 -1.759871157446997458e-01 -2.348962153750939752e+00 -3.086163042250536503e-02 -1.120389960358003201e+00 1.391228545879592327e+00
2.061939605392836938e+00 -7.615198442124765377e-01 -1.030594957020795510e+00 -1.032635873315958630e+00 2.338803228072521279e+00 1.689814185494902254e+00 2.228465734094885242e+00 7.379392998875056175e-01 -1.547891822673948647e+00 -2.672530984488955319e+00 2.473502137146666169e-01 -4.904773472956099889e-01 3.051647530599482572e+00 -6.397181765877648640e-01 -1.046601934433800896e+00 -1.797063801485557111e+00 1.154494132847038168e+00 -3.458977684166876898e+00 -1.091272464778098028e+00 2.561631575933143168e+00
3.086790055781940545e+00 2.953094510147214802e+00 2.370994611685858899e+00 -7.043293977131535044e-01 2.344305855496499280e+00 8.079298020400551561e-01 3.604430008460479673e-01 5.126853552338208608e-01 8.363487491351035974e-01 2.268711735276982111e+00 2.299849088332971692e-01 -6.467055735111275627e-01 2.381198429989015874e+00 1.634702184651350310e+00 1.943268003563376922e+00 1.499250030001682887e+00 1.807146241721268920e+00 -4.983328008094591866e-01 3.061438303042157028e+00 -4.804140749469693716e+00
2.107914027172651750e+00 -1.715829426516944034e+00 -1.855452617182072883e+00 1.217214774372018526e+00 -1.610514555899818623e+00 -1.345274407833826347e+00 -1.748432985530074424e+00 6.630360688484192577e-01 2.434241686055680157e-02 3.497578950031142497e+00 1.467996566493642741e+00 -7.958093273986055483e-01 -1.362418596616261635e+00 9.197522455908544448e-01 -1.211029252322108896e+00 1.555490428288955451e+00 2.695721591179131682e+00 1.154341417152539462e+00 -5.735665255821378317e-01 -2.495545563818419854e+00
-2.601040833526424123e+00 -6.414899225192737253e-01 -6.639903795162174660e+00 -9.940115550494174057e-01 -5.146277151879206924e-02 -2.290146196249966515e+00 2.985695437621228021e-01 2.096474333304587656e-01 4.511535174026384820e-01 1.916543278390925586e-01 7.572246958505938208e-01 -1.257051064560611220e+00 -1.779010842732181352e+00 3.509443094194682367e+00 1.083551039032782271e+00 -2.185717239639552112e+00 -1.945661896460404439e+00 1.441008994030319235e+00 1.365766387889328692e+00 2.328375596091252664e+00
2.994242450671706468e+00 -1.017787461692027495e+00 1.937439861422950160e-01 2.949935705956758802e+00 -2.049373596703736311e+00 3.545245487524200545e+00 -5.710464128632891656e-01 -1.858338553462839826e+00 5.665894708705266902e-01 1.515557669674832686e-01 -1.687415740799872443e-01 -1.602764964030288231e-01 3.577907382463739183e-01 -2.630945770747110113e-01 3.886466707641126478e-02 -4.080545533578063822e-01 -6.456397406986708054e-02 -2.472857287979132401e+00 2.145502661351400775e+00 3.187210271480207524e-01
-2.635496838218200022e+00 2.052033853152408938e+00 2.162879551617707286e+00 -2.333176212023872598e+00 2.634152930320695418e+00 2.098564433620758451e-01 9.004031617497831874e-01 -1.245381709957405825e+00 -2.508279296477845463e-02 5.569996757624642303e-01 4.362803850453607635e-01 -8.609603869448964053e-01 -1.475142820498437812e+00 1.464583828278262390e+00 -3.037729904334300901e-01 1.229208252541964752e+00 -7.273376815795139727e+00 5.841902530473557231e-01 -1.932589165065375036e+00 3.138919064967816475e+00
2.340088606887532841e+00 9.510365807340561695e-01 -2.992804759682269555e+00 7.069508192362048415e-01 -1.201332041058101874e+00 1.803140663545498290e+00 8.317763588804975017e-01 -3.255150842472418482e-01 1.407983213695610081e+00 4.561654660291051044e+00 -8.556465192546316434e-01 -5.669296470824849998e-02 -4.049211475318511555e-01 7.278076584173091002e-01 1.480702460626594830e+00 6.528672356435832880e-01 3.306058439534748761e+00 -1.427228540207913676e+00 5.466156427471237089e-01 2.629044022246365575e+00
9.731062082177862615e-01 -1.281614417172040332e-01 -2.697724715652787708e+00 -2.289702338970142748e+00 -1.859641512127398366e+00 -2.550230765166433766e+00 -1.882632584551219734e+00 1.249315410686501204e+00 1.299146728750139479e+00 -1.407898234509978197e+00 1.001568678908404397e+00 -1.187048460719312803e+00 1.168023660443855638e+00 2.459139187231108359e+00 -6.445149500113246388e-01 -8.261525575839008539e-02 2.416479348754413614e+00 1.656663844425995402e-01 -4.664456094905075623e-01 -9.338268078949539808e-01
-2.613952561765208182e-01 9.067028809156667257e-02 3.728359356328367902e+00 -2.289384911790610377e-01 9.392856199218423408e-01 3.212988177935099277e+00 -1.490321675439372218e+00 1.464274157733640724e-01 -3.608327248887342353e+00 2.173759088328710121e+00 -9.379234262011147960e-01 -1.293849195269799024e+00 -9.999712449411605197e-01 -1.701491187239015046e+00 2.707256532602513754e+00 1.011707118461481869e+00 2.798347825479957418e+00 2.819619480399493838e+00 -1.474554100501686449e+00 -2.947724130784521446e+00
1.379690506821327656e+00 4.183333909288564079e-01 9.010878528369801188e-01 -2.295256026195612975e+00 -6.522604435784680466e-03 -7.267771617835983022e-01 -4.066985937616958147e+00 -1.673058466339547357e+00 1.649423403916182806e+00 -2.029167907503769186e+00 7.088533051211611813e-01 -9.020487257274401038e-01 -6.880856522509607442e-01 -1.764121722344827559e+00 1.959778869392692968e+00 2.683763944728555506e-01 2.993809328516951584e+00 -1.583071365338413861e+00 7.766661240518399900e-01 -5.929091923956041066e-02
-1.424149928744668746e-02 5.894835613091895521e-01 -8.621654565180475460e-02 8.346944368923112645e-01 1.221713505974584724e+00 -9.645744004241418867e-01 2.013602705087725209e+00 -4.041746360597021415e+00 2.000247465038592409e+00 -5.568765960096861978e-01 8.312424006239456098e-01 -8.621918072365919450e-01 -3.962723551225337260e-01 -1.250561762849023317e+00 1.968131993408937408e+00 4.629618420781819177e-01 -1.883035874413543365e+00 1.730688743837069943e+00 7.225124424304685267e-01 9.631987923167520949e-01
-3.359890512246730410e+00 1.298735878356419793e+00 9.671780607601536406e-02 -5.241778323568280218e-01 2.451867158802882862e+00 -7.220800621435842226e-01 3.388971447041861929e-01 1.622813377635738741e+00 -4.841722155218322499e+00 1.931122222510305297e+00 6.518185542323229331e-01 -1.483136209371204384e+00 -1.049933070820927350e+00 -1.124874566495214445e+00 3.464600953551564722e+00 -3.603311658513619169e-03 -2.838794466975246511e+00 -9.447847581559938313e-01 1.259062402110654455e+00 5.962980484005628856e-01
-4.073850097083171917e+00 -1.599843013719023654e-01 -2.482758327026859391e+00 1.979044712430009012e+00 1.074525237806730704e+00 -8.003298702839406475e-01 -1.296822611960661620e+00 -6.535436866002855005e-01 -1.578330606227172250e+00 -2.784167281784424297e-01 2.202802512831111947e+00 -6.393760808971329368e-01 -7.688217760829673120e-01 -3.036400948623404705e+00 2.035562148320593678e+00 -3.857716101910825812e-01 -5.544559217085119895e-01 -4.836352726629093990e-01 4.151315414277700455e+00 -2.781306780594525740e+00
1.921562855216217003e-01 -8.672520764291309359e-01 -1.906208408824776157e+00 1.279627780763925582e+00 -1.848235449557257937e+00 1.507507357595492259e+00 -1.426739026894835449e+00 -2.061938820408705908e+00 2.583541614331475778e+00 -4.678356452534626619e+00 1.085528172077943942e+00 -1.047251610249034792e-01 2.552102996360592346e+00 -1.312280952557285829e+00 -7.532492849462986140e-01 1.105592903698106699e+00 3.020732566270694530e+00 -1.840477573584897275e+00 1.039098760921535858e+00 5.719210607405500468e-01
2.648269337940770463e+00 1.094599867069152577e+00 2.028748184321792714e+00 -2.118529210663299356e+00 -1.306762874842031796e-01 2.025096299640046560e+00 -1.178587242167904225e+00 2.102738200117098888e+00 -2.548490932317772018e+00 1.708693068625299016e+00 3.098017057855300127e-01 2.922976455890173228e-02 -8.237021335439662639e-01 2.330156111374331207e+00 -8.781536266867507878e-01 6.629073193624115401e-01 2.848818329384903425e+00 2.192718346134023832e+00 9.075319740511661459e-01 1.696461681174787628e-01
4.073517723981419536e+00 1.530493279008992236e+00 -4.649634452932152051e+00 5.542020049765892242e-01 1.026969125162975338e+00 -6.175680072739919702e-01 -2.784367743796851702e+00 -9.138253220579041214e-01 2.527374496394297232e+00 -3.920977032050492195e+00 5.857378389516754158e-01 1.573717012557348804e-01 -7.820481554375359190e-01 -2.594631747022582591e+00 2.028489362515408789e-01 -9.300596773955283059e-01 -1.036127226587202799e+00 -3.041730124358579701e+00 -4.518947416481449153e+00 4.816610975005557904e+00
1.967112544032771915e+00 4.060339567123456145e-02 -2.946148169224211966e-01 -2.910099956653449560e+00 1.794839759878310348e+00 3.469262945213078098e+00 4.971849640491523559e+00 -5.883644427511788288e-01 -1.896684324775788522e+00 1.538637242259174975e+00 7.121620543152441529e-01 -2.047956268510998934e-01 -1.470091058402547057e+00 5.351685552687619751e-03 -4.408464241445483878e-01 -1.922508074614159568e-01 -2.616301922643601952e+00 -4.149590121150070060e-02 -3.027715362114323128e+00 -2.935609929877094904e-01
-9.270737935780706263e-01 -3.174815307603858994e+00 3.783031122820207592e+00 3.672621448209202999e+00 -1.951602868485297515e+00 -6.952346905991972914e-01 -3.298050687765033406e-01 -2.605426399388071079e-01 8.156789529208653411e-01 1.014439375116915398e+00 1.271041177781455866e+00 -9.837229034121054427e-01 6.006250090873009873e-01 1.375106840586745482e+00 1.996065950326515237e+00 -5.943884471426387206e-01 1.989259498024021244e+00 1.996851369371324347e+00 9.621990936433675312e-01 -1.104712136422608681e+00
-3.205535028030505718e+00 -2.151815506761714791e-01 -8.726542022762804329e-01 -7.409055760422955661e-01 1.014182648748715998e+00 3.279828194624474502e-01 1.461016862762939850e+00 2.775179080624732286e+00 -1.611264765041708902e+00 -2.667530862257871505e+00 1.045335081419153989e+00 1.553353122919695961e+00 -3.278694336479922589e-01 3.849261689273879572e+00 1.025113380381430739e+00 3.195714628973746474e-01 2.731134392440929926e+00 -4.494848972303135071e+00 8.239323787006040956e-01 8.934970603174038351e-01
3.834800515276328703e-01 -8.928916887116701284e-01 -1.298833348139712296e+00 1.697635701054435398e+00 5.582361017227740474e-01 2.211866632499858709e-01 -8.601137648715310169e-01 -5.017162903801168916e-01 1.810495687807862630e+00 6.351820692605557594e-01 -7.356622326007045132e-01 2.852705115185906193e-01 -3.330964626504576032e+00 2.067778982308067448e+00 3.885720134616030275e-01 5.374004339563898114e-01 5.444616471075675035e-01 4.134211473622256272e-01 -4.856859813229331913e+00 -1.278440838597471707e+00
-5.629246047818844412e-01 -1.313302609913549412e+00 6.455102221659270167e-01 -1.732779221581207896e+00 -5.595136674975870195e-01 -1.171430052680219269e+00 8.114844841345946191e-01 1.550932124054505312e+00 3.131423439706940481e+00 -3.400302895397641745e+00 7.084288580201523189e-01 1.076193728097746688e-01 4.775410837187771262e-01 7.289943273621483089e-01 -6.467287133259844722e-01 6.001733275020516567e-01 -2.514889583484467561e+00 -1.114204205979386630e+00 -8.866612339270038556e-02 2.244777573488735967e-01
1.989523525086119404e+00 -2.684749585987469267e+00 -9.934515642922306933e-01 -8.988222477064244931e-01 -4.482855351375475417e-01 -1.363516775953508287e+00 -3.135802121216278771e+00 -1.000255961284167272e+00 4.699358190139941299e-02 1.314177521564410034e+00 -3.255465587839460051e-01 -7.822830749387787996e-01 3.381338882242594046e+00 -1.597395604965584637e+00 -6.955896979919903300e-01 -3.607092215762437437e-01 1.261644732766828078e-02 -1.101411017395797831e+00 -1.160617203206784964e+00 -2.401181971396137538e+00
2.610558530886841755e+00 -1.126997075538723081e+00 -1.111963164979542951e+00 1.923110257116284139e+00 1.596855351978819559e+00 -8.706209228005337142e-01 -7.069685000071541658e+00 2.788224457294829151e+00 2.659524566353214770e+00 -2.020488785899843709e+00 1.322629110297983912e+00 2.612270704399434207e-01 -2.121198231651896471e+00 4.906349476505826424e+00 -8.634361896742622777e-01 1.171342825943791910e+00 5.128433454654456547e+00 2.797075304641236798e-02 1.335669209738238328e-01 -3.179824273381549382e+00
4.090158607601671048e-01 -1.551422232929743128e+00 1.204971131791177985e+00 -2.091487897668566465e+00 2.016193962904669623e-01 -2.879224776326257729e+00 3.875420903618747914e+00 1.759369334013251684e+00 5.643178205177710183e-01 -1.144475392738774494e-01 -3.917963288839076408e-01 2.516646436540088128e-01 -1.047753911666631788e-01 -1.371159517172423792e+00 2.396508082568685749e-01 9.300804752042911572e-01 1.307589664030452070e+00 -3.737054464617498017e-01 -1.544747640468701055e+00 3.999898654548875498e+00
3.602999450966851036e+00 -8.655691541942549527e-01 4.186560610524871606e+00 1.914559654300863334e-01 -1.094047858767477205e-01 -6.962924024947722001e-01 9.991598481331297466e-01 1.334892152105219554e-01 -4.854903200874585600e+00 -1.434131665671421807e+00 8.681605994650279934e-01 -1.655309565564025531e+00 6.860469832628455222e-01 -2.257163382024117981e-01 8.329167285643032104e-01 -1.372813023688306044e+00 1.490383360379565092e+00 -1.330439953795286678e+00 2.139768421630123374e+00 -1.217658759641380373e+00
-6.691429649087082820e-01 -1.816149477762466269e+00 7.382135042405093550e-01 1.989765954851240748e+00 4.933452298871499053e-01 -7.654353727362360749e-01 -3.283398962368491714e-01 -1.050714847632296944e+00 3.171435093257043647e+00 -1.036896707508425525e-01 5.449093385822972868e-01 7.491120025887851863e-01 -2.928367884687568812e-01 -2.827126481780303013e+00 2.185983619854759752e+00 2.015290903431928626e+00 -5.459743750733668799e-01 1.032517003151900870e+00 2.666456213208874271e+00 1.203263695202960282e+00
-1.078886728103958026e+00 1.156145980723253919e+00 1.200008483505974999e+00 -1.897140594138591319e-01 1.602529537266765836e+00 1.022052445387067410e+00 1.426380709384068024e-01 4.315161917887093690e-01 -4.020557589491745021e-01 1.401435805246045607e+00 1.459869431786132044e+00 -8.245514177400161682e-01 -2.175974037745671275e-01 -2.373961153392400991e+00 3.258049571094274288e+00 1.799799313297393066e+00 -3.398761593326061758e-01 6.113023101235439682e-01 1.547976924242214780e+00 -3.016828377658225424e+00
-3.258899020221276643e+00 -1.438277584121852470e+00 -4.830054705672756299e+00 2.415361218935747900e-01 2.380903799478182759e+00 1.238936744987092498e+00 -2.314636101583030126e+00 7.577521697909108678e-01 -1.471908483849342364e+00 1.425132371224574701e+00 1.295213696718341856e+00 -2.656799730330427697e-02 -1.202285036873041779e+00 -2.806265428961024710e+00 6.359533916014021848e-01 5.043013365798266756e-01 3.038140633749214503e-01 1.229290851100590221e+00 -3.749113357238657851e-02 5.722876632885755960e-02
-1.806819710133143575e+00 -6.894904938577161024e-01 3.682898801313987391e-01 -5.801347914070441592e-01 -4.415828570995849467e-01 -1.541191205891079052e+00 2.892457864760294636e-02 1.055343299412634162e+00 3.454144649860192651e+00 -4.609422990801539388e-01 1.372758020038465476e+00 -9.949862840680159248e-01 -3.290467379648001622e-01 5.432394789332111174e-01 2.671376551831273205e-01 2.974166915413089529e-01 -3.066406553778034283e+00 2.522486066677180006e+00 3.109686623193443022e+00 -5.045791267557180326e+00
4.008713567469078143e+00 -1.252202733437311366e+00 4.348528127003423727e+00 -1.753425594776625296e+00 7.971682183426097579e-01 -2.795378442956960030e-01 -2.688624577058482679e+00 1.215031178802361778e+00 2.732944425934380916e+00 1.309847143639243150e+00 1.421075673249066584e+00 -1.119675702693522679e+00 2.702204145615541453e+00 1.604317801389411713e+00 -1.302676431735205087e+00 -8.154087891781957032e-01 -5.143541949279658354e+00 -1.392339348941485255e+00 -4.165522268938341099e+00 -1.436290536868546130e+00
2.726501166730713521e+00 -3.045005224177602665e-01 3.426628850256631775e+00 -9.273004982466486190e-01 2.156248288099033683e+00 6.756732712118144191e-01 -9.064228278491178736e-01 6.829674595106698387e-01 4.498208761811132383e+00 -3.177619977180179855e+00 4.305516130258126295e-01 -2.786239979138249168e-01 -5.858699864688347025e-01 -3.457816208583929463e+00 6.594904956459866074e-01 3.673792884392471869e+00 -2.160685115849643623e+00 5.063880327584013852e-01 2.677211792684255354e+00 -3.066601268599518093e+00
-2.286038953299263543e+00 -7.214983066805336076e-01 1.599074419609859410e+00 -1.227819197292166375e+00 -1.821963055573779577e+00 -2.182703096291129352e+00 -2.775285896427168275e+00 2.163392113883308099e+00 -1.058184650562777440e+00 3.811470686100238425e-01 5.773106653191644178e-01 -7.679897301915394880e-01 -8.548192743760761880e-01 1.824165755460712246e+00 1.551496841769528956e+00 -1.531898486074888766e+00 -2.565222671873800819e-01 -3.388256270952838545e-01 -6.446748890718947411e-01 8.500877773691475348e-01
-2.776850377256794733e+00 1.470309601791079279e+00 -4.005862641552659476e+00 3.024525943209225520e+00 3.787580687159397552e-01 1.014348254192495080e+00 4.742247437892539885e+00 2.115911037485130652e+00 3.325431215537079765e+00 -6.350628529133980904e-02 -1.640905640595174408e-01 1.331335327776962618e+00 8.052722277194508393e-01 -5.673596253545090562e+00 -1.505160164677146861e+00 2.202980883482002383e+00 -3.899348616109908683e+00 1.840381673244609884e+00 -1.490717553421867736e+00 2.491233218720280973e-01
-3.466596404904216389e+00 2.824171266877290032e-01 -1.855068915933747731e-01 5.516247957467534935e-01 1.361402762474157146e+00 1.519696648055485433e+00 -2.876297520516520656e+00 -6.917333213554797133e-01 2.430500721531428709e+00 4.454395467397582742e-01 3.525122519491863393e-01 6.540851049472472534e-01 -1.553178159815540971e+00 7.249371459277398344e-01 -1.007572458403395155e+00 -4.759535448004918456e-01 4.834285517507408425e-01 9.834810704139304027e-01 -3.438923128334980817e+00 9.110694407106187942e-01
3.003927981380564827e+00 1.091447704357004111e+00 1.107610896159176850e+00 -9.544675332372207777e-01 6.758518193477377478e-01 2.977382770859527295e+00 4.169662152806651534e+00 -5.045871624065219052e-01 2.543507737302050042e+00 2.683500021771377808e-01 1.627708930963246980e-01 -7.409200922016195845e-02 1.216705823699104627e+00 -6.057961793601488454e-01 2.896510712276697319e+00 -7.291333863600908405e-01 7.475085034271194973e-01 6.543297147212987497e-01 -2.174316873652153426e+00 -8.957860043161320895e-01
-1.532118492477483995e+00 -1.891857413051374059e-01 6.434493219204741044e-01 -1.270851992307964196e+00 5.189372184007063904e-01 -4.710378310345106900e-01 2.620529662097074830e+00 -1.625532051917263632e-01 -1.353863563820040694e+00 -2.952037838942445092e-02 1.707462884087823207e+00 -5.415008498970226292e-01 -1.523135319770617002e+00 8.194599583438274548e-01 -1.327659696480798512e+00 -4.088194625316131647e-01 -1.978509144040416778e-01 1.453731920269592637e+00 2.948735713240499656e+00 4.575221456944660869e-01
5.713348686558840095e-01 -2.351018810281124694e+00 1.381153735627304036e+00 -7.712669731873440515e-01 -3.053542767674340408e-01 7.562359198264674287e-01 2.992481408774740892e+00 1.594794925446766820e+00 -3.515347426818243637e+00 -1.028572280997298360e+00 -3.857071636119661084e-01 -3.311981045970707749e-01 3.766284296898172013e+00 -6.520944973085760488e-01 -1.696113823916582053e+00 -1.465089662286421568e+00 3.273584439854140271e-01 -2.772126237311578922e+00 -2.845382006735598601e+00 5.307018098310036791e-01
7.827037932472499238e-01 1.549429890655728892e+00 1.840835506265178667e+00 -9.070469708121338126e-01 6.602922980842837464e-02 1.272090501163265941e+00 -2.551919167973127345e-01 -1.295555704317310930e+00 -1.175997837334278540e+00 5.625962733570586405e-01 8.516697310490519701e-01 -8.252835863640978209e-01 -2.819061586211565995e+00 -2.114974588584155768e+00 -1.019872811408141899e+00 -1.484540121556179093e+00 7.270880914318252897e-01 1.604228313880659007e+00 5.282257896283239162e+00 8.319431171786247914e-01
1.947688739044124873e+00 3.141052976652096151e-01 -4.246171382464685173e-01 2.017370531674190115e+00 1.157146982571279487e-01 3.660529469193289920e+00 -9.549013098422739487e-01 5.139931684070682127e-01 -2.212151566213155451e+00 1.765401176931153948e+00 1.247209774038835484e-01 -1.521836448138154774e+00 5.367456292223342640e-01 -6.170492007613259666e-01 -1.828661883863122561e+00 -3.401761480078292488e-01 -2.090419365336025681e+00 -8.473700724198455214e-01 1.994367703301020534e+00 -6.695942003698864831e-01
-2.581658927639223666e+00 1.525005072954042917e-01 -7.926320293045051590e-01 2.096176885587377026e+00 7.672939377000537187e-02 2.676031334524839878e-01 -1.495998241978578613e-01 5.055865771239589357e-01 3.692302487332381311e+00 -1.336775962143034402e+00 -6.253863284011945689e-01 7.256741398892501138e-01 1.339641391428037842e+00 1.157129581060609258e+00 1.017444042668723903e+00 -9.688531193624844162e-01 -3.233419575667065615e+00 -8.586185581133560785e-01 -2.783894815958418700e-01 1.859032450246417278e+00
4.085991537210514224e+00 -1.475516825929534370e+00 2.613542908721960600e+00 3.146581468105923429e-01 -4.110755533717780907e-01 1.236131993421369479e+00 -4.763558800781333979e-02 -1.945486757221941421e+00 -5.377907677384893503e+00 -8.605534258388082280e-01 8.599960747078986278e-01 -7.096870426042766189e-01 -4.287251053455259364e-01 -9.860553367626736510e-01 5.243897826796191097e-01 2.542356585762559629e-01 -2.348098419780537682e+00 1.546119927283321482e+00 -2.002267090075143585e+00 -2.963894024861184473e+00
-1.367976050688008149e-01 -7.540435911023687376e-01 3.158666625254662907e+00 6.814166838944215598e-01 -9.422001743259934559e-01 3.922538896066238401e+00 1.394062388995123802e+00 -1.181281058809608098e+00 -3.153457562469121456e+00 -1.251085525603548687e+00 4.047207903995432843e-01 -5.223384793318760488e-01 -1.051713061572562946e+00 -4.201362727590744472e-01 -2.726316068016067184e+00 3.007530839523888666e-01 3.535189523355052987e+00 1.291828236099040739e+00 3.296175406416897324e+00 2.766687149597303996e+00
1.400098903018859864e-01 -8.920832707823820318e-01 -3.267549789075008260e+00 -9.972208353318661178e-01 1.159357073338538324e+00 1.419569107842365563e+00 1.762157370749365404e-01 4.630142031358800425e-01 2.564081784573235101e+00 -4.726647650890757113e+00 7.791298502964789929e-02 1.200017566764888466e+00 1.118998326501529972e+00 8.675501593503770481e-01 -1.533566613939912004e+00 2.110492165998433034e+00 4.728528361324992879e+00 -1.721558781060272603e+00 -8.376835270156175461e-01 4.443447899967019055e+00
-1.477835254547009036e+00 6.430294226909855082e-02 -8.142557490698700828e-01 -1.691093809121644032e-01 -1.300173650547054721e-02 8.634720414757528495e-01 1.858140685277894777e+00 1.002749203915076048e+00 3.427444780294492954e+00 5.489008983728909108e-01 8.217963256643523451e-01 5.963238945130486801e-01 8.360175629934952779e-01 -2.845922380931272588e+00 -2.422220217981922996e+00 1.376918707755119264e+00 -6.256971221178390108e-01 -1.951057536257471137e-01 3.060313597847608591e+00 1.185312114768840797e+00
2.312049529639362611e+00 7.099751927886436276e-01 -2.434205927103331724e-01 2.401529091746013311e-01 -8.088875997846798338e-01 -7.374288570044109647e-01 -3.260213292986695599e+00 -3.312880025016914226e-02 6.111143445143393249e-01 1.471240601144359950e+00 1.771362332834962361e+00 -8.236614559981400019e-01 -2.420910917237278248e+00 1.624651782744322759e+00 -7.183423473091545830e-01 1.971088938193561901e+00 -1.342412015108735091e+00 1.212507727814494674e+00 -2.559177760553772885e+00 -5.593130653918564343e-01
-3.927840968864004800e+00 -1.753976840716537478e+00 5.451340738879999481e-01 1.142714341351385610e+00 -1.205437288205670532e+00 -9.607928469658475468e-01 5.963266265015772921e-02 -1.199562633098000708e+00 3.758741975606819441e+00 1.758764698714506025e+00 2.216242965403051546e+00 -1.155248540212292285e+00 -2.592454997414867179e+00 1.725882719259985709e+00 -1.608865542447050601e+00 2.611436612721840689e+00 9.438414202661335461e-02 -6.239286054424890704e-01 -1.474477963392553104e+00 -9.318945091034566697e-02
-1.160094156667990095e+00 -1.115891262713277765e+00 -4.435568636706677559e+00 -2.085696536660446743e+00 -2.954200584478104408e-01 -6.392275428216700472e-01 -5.162430225651709614e-01 -4.594861278963195961e-01 2.028259071435297045e+00 -3.898302489094832790e+00 5.579025524746503706e-01 -7.780763608827544475e-01 -4.189452027058808148e-01 1.741203305144146229e+00 -1.314586391735170778e+00 -2.987322953693618555e-01 4.238164301283624980e+00 -1.224296935387788055e-01 1.312307232168744342e+00 6.426378916689139409e-01
7.887229749968669434e-01 2.256120597358418856e+00 -1.920216922011388008e-02 2.519312836677310319e+00 2.337171502693685156e-03 -6.114124942269791863e-01 3.757792208865028960e-01 7.882894705235141131e-02 1.171995812894866540e-01 1.037870361516764373e+00 -4.069726442213809081e-01 4.312866208666898404e-01 -8.837792840852023435e-01 -3.096756954233955028e+00 -1.149056107592101084e+00 7.821673925480929768e-01 -1.318889996336647830e+00 -8.036944878059227859e-01 3.400957924206342575e+00 -1.063879367256758579e+00
1.076621047393233166e+00 3.846215411937366213e-03 2.990500381952472531e-02 1.361106035195773778e-01 2.943194616686657383e+00 2.990289956955715645e-01 2.809626213196981581e+00 1.598530915591017676e+00 -3.386610466611649883e+00 5.413798016609153052e+00 1.290669224180194252e+00 -1.947490318220574113e-01 1.053182534630802358e+00 -2.814748860417115028e-01 2.490065818531717490e+00 1.436250563461075824e+00 -1.248072466126212365e+00 -1.326502236026281005e-03 1.655154787532714611e+00 -3.717682958875730748e+00
-8.922349247402914241e-01 8.707214044534301589e-01 3.925272396485434689e-01 3.243972446000998877e-01 7.376818467596427675e-01 4.847958126151968861e-01 -2.732582807614478249e+00 3.543829442981075717e-01 -2.120239395355541845e+00 -4.417647588937299030e-01 -1.023610125119883835e-01 -5.167371464892605015e-01 -2.953957804512277185e+00 3.681024937983948808e-01 -3.999528933094636529e-01 1.068362784324432990e+00 -1.641339000152539862e+00 2.933130061152457557e+00 1.167874243251550759e+00 7.478999622901110200e-01
1.153548976951797034e+00 -1.037935653536148140e+00 -2.977770134798614965e+00 -6.058748248722971574e-01 5.499989846490352940e-01 -2.304167935343792717e+00 -2.135713293657901080e+00 -2.073330939100489712e+00 -9.022274657841566903e-01 8.343725516479693072e-01 1.470609059864819157e+00 -1.836346269590987956e-01 1.193010456999371804e+00 4.386889911350085214e+00 3.218453874794600544e+00 -1.497230139431159568e+00 -7.247633825717636480e-01 6.666654940591199008e-01 1.061969294082244941e+00 -3.730901121861119663e+00
-1.787352415472066358e+00 -2.237772976823716675e+00 6.854525042887198438e-01 -2.765020206194664931e-01 1.974465669205183849e+00 1.531823830140644604e+00 -6.684509968452009288e-01 -2.537418218476370502e-01 -3.475260155158184983e+00 5.551362945111393721e+00 -7.698596436326143877e-01 -7.995090137319448287e-01 -1.821822629979375496e-01 -8.272678532470133517e-01 1.017083439005934231e+00 -7.424346932797757370e-01 2.766068777844861160e+00 3.518947911084178148e-01 -2.269903960230303053e+00 -1.619118766506993490e+00
-1.166952137330749872e+00 -1.332376053848768338e+00 -3.844150209787821293e+00 -1.859776671019307992e+00 2.139803884842406578e+00 -9.167522713286906377e-01 2.576664052850351272e+00 2.526945028628780232e+00 -2.423419711480739647e+00 -8.081191255516853023e-01 -3.453443857885375445e-01 4.628743123038388529e-01 2.302100287548627111e-01 -9.654132652308242690e-01 1.491025839839511313e+00 -1.086606961730977927e+00 1.697503794156487889e+00 1.603080213459482373e+00 -2.411718101399062952e+00 -2.757184838095403379e-01
-5.255290703357959003e+00 2.695480483283508200e+00 -1.096777402029401660e+00 -1.377338786903092305e-01 6.356528298983318281e-01 5.674540186008132370e-01 -2.039978978894591233e+00 8.507055244130735938e-02 -7.618550812421075458e-01 -1.233822886534236218e+00 7.267564794556045094e-01 -3.357526413249383168e-01 -1.878132507047393984e+00 6.072265555311447127e-02 7.315211202363128828e-01 -1.250154493475318374e+00 2.114233431024772791e+00 3.993081512701426167e-02 1.357558733830227959e+00 3.730160132932125894e+00
3.766143166989992075e+00 -9.071076030919189570e-01 -3.314804703930243512e+00 -1.220226814896031353e+00 2.309490809398742517e+00 -1.744598242078011785e-01 1.549659553835305736e+00 3.425910517294861624e+00 -2.585131479585462966e+00 -2.733707377993388032e+00 6.689206248111295716e-01 -7.477305797990254632e-01 7.599277411619325129e-01 -3.062136042942313896e+00 -4.448771618851973919e+00 -6.430036690428713175e-01 2.812969506044586510e+00 -3.800785742951973689e-01 2.180605690043756706e+00 2.640211767863849701e+00
4.132496282265126553e+00 -1.046877806224860263e+00 6.351343651115790578e+00 -1.299794996820461679e-01 -7.716955544582605742e-02 -6.445430107611765935e-01 -4.126240257850930515e-01 1.247117728469267384e+00 -4.399509612492240040e-01 -3.684964343330702885e+00 1.252514307189504184e+00 -2.500242447521122680e-01 2.774882228790767069e+00 5.257648400055221494e+00 -6.937480100834880758e-01 -2.547652300343819842e+00 -2.914439105383141992e+00 -1.037449527780745395e+00 -2.562542339855167661e+00 -1.202726957069439440e+00
-2.058496389950253747e+00 -1.653480714709496313e+00 -2.523206927295806423e+00 -1.230195333389080936e+00 -1.521931070118426765e+00 -3.590339166106918167e+00 2.094786331587147887e-01 8.655053156854679575e-01 -3.017863090714258956e-01 6.143396480671156068e-01 -1.179158641683079739e-01 9.412182473742121136e-01 -1.648870234043830818e+00 4.746717482383612241e-01 -1.774198050299665264e+00 1.158066281773824091e+00 -8.398857791140623696e-01 -2.570984947073612581e+00 2.039204246914984864e-01 3.219338363587451735e-01
1.701327274499273345e+00 -4.871858629818372477e-01 -3.432924766072498191e+00 1.120299722696808775e+00 -7.310009891896589451e-01 -2.728591868891652172e+00 -4.118545092461458168e+00 3.166839515306639763e-01 3.446802217342534558e+00 -4.643115732532221429e+00 2.159165734361145006e+00 2.432170904046117993e-02 4.275962146545088660e-01 9.239287637958609745e-01 -7.298466350044369166e-02 2.406564012288213927e+00 -2.443880107958095460e-01 1.193455128367505447e+00 -2.737302013438505988e+00 4.628016659404169175e+00
1.941085164411211483e+00 8.195903336695188335e-01 -3.286307076567325791e-01 -4.223934241345609353e-01 1.490974455444867175e+00 -1.466524129136010046e+00 -5.481852919793396284e-01 1.356912434090752351e+00 2.250614619207718173e-02 1.675473185189613634e+00 6.510598799593787511e-01 -1.110658677746533929e+00 -2.281716489430134498e+00 -1.539093458028568673e-01 -1.349846695178061440e+00 1.217162527855748744e+00 -5.701166431004690144e-02 1.987281323630425006e-02 2.395998863801370948e+00 -9.514421191849770088e-01
1.646947058002538045e-01 2.088627227243022855e+00 -3.464616151985729697e+00 -2.883089398439980133e+00 8.030877649225591774e-01 1.447151333061478473e+00 -8.634957828258643664e-01 1.780964776817177464e+00 3.420220310416555609e+00 2.778208507770158597e+00 3.918928721456901298e-01 -2.403678326860571590e-01 -5.154972377093849367e-01 6.807415083893333385e-01 -7.519672516318385291e-01 1.439817811193427000e+00 3.434270485746451218e+00 4.679984014131613468e-01 -1.442104591046401429e+00 3.600311883074863939e+00
4.530971540227860667e-02 -2.609308196318583239e-01 -3.015930492948668551e+00 1.169840580318261214e+00 2.101197920040057010e+00 -6.511087741391961004e-01 2.194735463837790057e+00 1.008534837130200312e+00 -6.343916955949132408e+00 -6.303873392423545718e-01 -4.181666342613672982e-01 3.237118732820979949e-01 -1.728254270848786356e-01 -3.495393494639100318e+00 1.476151584042640907e+00 2.193164525609407611e-01 -1.847744443845311668e+00 -3.513000597154203875e-01 1.123170581199430113e-01 -3.519172810884991343e+00
2.609778316604302706e+00 4.240846748806601507e-01 2.976291394814222446e+00 3.712542278046871980e-01 -5.820265252403367118e-01 -1.707553920772373779e+00 -9.812148926227663714e-02 -6.250676298670374553e-01 -9.522604913764254331e-01 1.432154473773628034e+00 7.571792110037885992e-01 -9.575960151379773189e-01 4.746468326992483999e-01 -3.985226031397596458e+00 -6.979211298962759713e-01 5.894844475379009685e-01 -2.182798085069200145e+00 2.052894189810100301e+00 4.255037596165516689e+00 -4.456813538133599928e-01
-1.457840111479758338e+00 1.625405158367170921e+00 2.227517503008685118e+00 -6.586687635404907537e-01 1.580344179232792801e+00 1.840199433496201076e+00 3.257225777329108674e+00 -1.126133124677516806e+00 7.867218287270008603e-02 1.761608757756573995e+00 1.624471009853907022e+00 -1.126240179562347565e+00 2.776437062192352867e-01 -3.654730714896286398e-02 1.341597664525726152e+00 1.652362366106019387e+00 -3.318629409203225356e-01 -1.021834250231787644e+00 -4.473416475519929048e-01 -2.650470847695432841e+00
-2.396102410478021749e+00 -2.184111886015803528e+00 2.017719113058527469e+00 6.490439550018430870e-01 -8.872608003967433765e-01 -2.562025978549475197e-02 -2.492232560923335338e+00 -2.097442607258561686e+00 1.639438827678447730e+00 3.087809121482817165e+00 -2.702527737297943933e-01 4.046251382937433583e-01 -1.935962769034010433e+00 -2.439408665336864346e-01 -2.687835641775059958e+00 7.723098830342355336e-01 -2.137664946260066312e+00 -5.435285275641654756e-01 5.569499553491725000e-03 3.682894211465221890e-01
1.167164592703672898e+00 3.214379675558479921e+00 1.361115928844825795e+00 -1.461122676321520819e+00 6.422760491638948022e-01 3.972380151066087217e-01 -8.515330868662506283e-03 2.035882446083809860e+00 1.203288737326378838e-01 -1.011012279184431595e+00 3.660681596880269728e-01 -1.507158947357370771e+00 -6.866238911258045752e-01 -1.692415025942208162e+00 2.732573762692917185e+00 2.638519025894649594e+00 7.001087477806381409e-01 2.318777828237689409e+00 5.725192394331096724e-01 -2.484102393092588179e-01
2.360470586481419719e+00 5.413640449828752699e-01 6.716615492051200009e-01 -2.566137230131172675e+00 -9.541639453923834724e-01 -1.645723070772747487e+00 2.221816202440464461e-01 5.911563780391191347e-01 3.276903044333024262e+00 -2.005713802010100633e+00 -3.442005232849235097e-01 -2.500903254226222838e+00 1.631992197847418558e+00 -5.532287787818123137e-01 2.272607416737777442e+00 -8.593030229871233550e-01 -3.367423955628759735e+00 -3.580871488330560570e+00 -3.232335290558004282e+00 3.386120170082181247e+00
-5.086727454279699190e-01 -8.286923327893352953e-01 -2.365241217508712523e+00 1.708992210287414881e+00 3.295526852077242386e-01 1.376229120325618061e+00 9.770970565571277522e-01 1.395193905509592547e+00 -2.722578327995615499e+00 1.497064351804198390e+00 7.787414172675609647e-01 2.719962422537519631e-01 -2.385295323376364962e+00 1.306958234658065265e+00 -1.836245955444752997e+00 1.559754882357827110e+00 -1.003561517677324932e+00 1.960992257100550695e+00 -2.924826785031369614e+00 -2.805665938370128565e+00
-2.982903371529890268e+00 -5.590116435823235808e-01 3.494264494586561742e+00 -1.644980665491104332e+00 2.231931708179045515e+00 -8.685844731840913768e-01 6.405390951829784685e-01 -1.310139583240600647e+00 -2.216872002515447304e-01 1.090171327321678652e+00 -4.930372612126138199e-01 -1.420294761948549311e+00 -6.431403624126676155e-02 6.018435686697736209e+00 6.076212644009414410e-01 8.790668912712724936e-02 -1.236306545586232764e+00 -4.429722010017765887e-01 1.833889848287086621e-01 -1.404286291251863883e+00
1.700748284799439514e+00 6.468855066429179956e-01 -1.990434366650509213e-02 1.217457550193013077e-01 6.368503232003526193e-01 -2.747820910764525504e+00 5.596482466310350734e-01 -2.211905853832508928e+00 2.957414315938983851e+00 -5.399470009321835073e-01 -1.739494528477170954e-01 6.699488760919950492e-01 1.071953350013420847e+00 3.695275231423907236e+00 3.401341918000617248e+00 -2.904337378597948716e-01 -2.973408697523427069e+00 1.223282405393843336e-01 -9.833112619827416578e-02 1.053464775244387086e+00
-3.634316499866673933e+00 -8.998681854174632455e-02 3.168084759678183593e-01 -3.967067650603472995e-01 -1.121291118289082123e+00 -4.663301339156510350e-01 1.627496441449123754e+00 -1.443957652123005753e+00 2.568575944487339058e+00 1.299723446183048137e-01 -3.419172272778759347e-01 -5.192655504079473072e-01 -2.923878632526748067e+00 -1.433630562383444884e+00 1.584379836618503984e-02 2.491744081563330493e+00 -8.104106664949098926e-01 -1.211012901519444185e+00 1.180164084462537177e+00 2.476537882486347097e+00
-5.291556942559689780e-01 -2.046061757498974121e+00 1.462269122107699548e+00 -2.403716086357852610e+00 -5.925690525359160743e-01 -9.267777579848048841e-01 2.297175738432369663e+00 5.266141750170144631e-01 -9.985036881659770103e-01 3.640091446608859194e+00 -3.946498868724408748e-02 6.873641189884872604e-01 1.984349235814994783e+00 -4.670859673695263226e+00 -4.776058258544486623e-01 -3.210360472273976473e+00 -2.142630067809541572e+00 -1.899668894331780988e+00 -1.847499989477933369e+00 2.009350296390565727e-01
2.135816796208162227e+00 1.882213810009062627e+00 4.901057516116349433e+00 -2.841736087318115000e+00 -5.959175862401757673e-01 -3.980345376435898697e+00 4.609665330737419353e+00 -2.143398645726708907e+00 3.192316740111759366e+00 6.002200244190496470e-01 1.272474919844818420e+00 5.280444845392099351e-01 -1.456166764836175131e+00 2.845878699393608713e+00 1.422418243821325534e+00 -1.006133966606178820e+00 2.456243230957610546e+00 2.087205526136131972e+00 1.679655030480040168e+00 2.781018720881096584e+00
-3.372402523984422418e-01 5.471503351153268468e-01 4.212436507464706104e+00 5.829512778599318379e-01 -5.870818052652104768e-01 1.248945751888838940e+00 1.423277902431159259e+00 -8.272706837949709291e-01 -1.031369393024233583e+00 -4.682493464485797396e+00 5.848346509006320249e-01 -1.603483114266176957e+00 2.101156563121390347e-02 3.693266790634740504e-01 -7.020749672492956894e-02 -4.278609280596685216e-01 -8.028862824642151175e-01 2.526845785054237403e+00 -4.792641460464680536e-01 -2.850906500779432640e-01
-2.758541688171884942e+00 -3.501192128270273485e-01 -3.483532405778635432e-01 -1.730688752338372050e+00 5.465267423762784071e-01 -4.890515411031714499e-01 1.811644373767805405e+00 3.229359997481311417e+00 5.315192315033852033e-01 -2.311436952564887903e+00 1.129347028837786038e+00 -6.412365902723859978e-01 -5.661230239276628939e-01 2.152193983928541776e+00 -1.597962356772013148e+00 1.289482908662531457e+00 2.828840581336649063e+00 -1.066083831419311290e+00 -1.519955344158484323e+00 -2.679846875359644720e+00
1.743296200760452996e-01 5.779229076662052433e-01 1.302980070381633215e+00 -1.444659109614176762e+00 -4.292077209131632820e-01 -1.341858043957487867e+00 -3.960631953592060661e+00 2.325592227308453275e+00 -2.074036215665459704e+00 2.471668208167292491e+00 -2.854701711507640627e-01 -1.234056278809039092e-01 4.397214404320010095e-01 -2.206489494503786286e+00 2.141977134615862532e-01 -1.836583144159228631e+00 7.841981210871862285e-02 3.352420271580462963e-01 2.201647573365688615e+00 2.510425795616998634e+00
8.778361880545263451e-01 -3.935663065038414454e-01 1.194384527700316223e+00 1.773601778601826329e+00 5.289817956889650841e-01 -5.435496572431343376e-02 -9.467831973940203649e-02 1.214337340574296764e+00 3.696152984044233314e+00 -3.667784771992882220e+00 1.595923561947760305e+00 -8.020950161448996141e-02 -5.450956708399070649e-01 1.904793112746527628e+00 1.354363938037161930e-01 -2.979350221409490240e-01 3.908735614895430199e+00 6.920561726628583488e-01 -2.847990450954134722e+00 2.298645660838813665e-01
-2.849397980335341973e+00 -1.691993256960148351e+00 2.546449794205876138e+00 -1.384303886826188768e+00 6.571071730788365928e-01 2.720141754938419920e-01 -9.702740551252880818e-02 -3.594262900926247228e-01 -1.991352819133963559e+00 -3.023575103970046918e+00 9.410737165440952179e-02 -7.915296585468563073e-01 6.032423038676597571e-01 3.200366235499761292e+00 1.387624051219044974e+00 -2.637283392089369016e-01 2.608675788298599585e+00 7.678117197376574943e-01 -1.012331673189589720e+00 -2.542356989637943876e+00
4.482465351241211593e+00 -2.323942708367762844e+00 -2.603016415839292108e+00 -6.192521527722449903e-01 -1.780163901026666773e-01 -7.587120340109247685e-02 1.580089746634943060e+00 1.149025647986750442e+00 1.867966929714030277e-01 3.617606545236460858e-01 1.502343750151447388e+00 -1.830969067629855784e+00 -6.273308576170821826e-01 2.979920707320898199e+00 1.357581017217690755e+00 1.814475056182145440e+00 -2.020979406816029389e+00 -2.742701141415372579e+00 -1.270423779212179305e+00 1.825154044593928770e-01
3.809315224904070984e-02 2.186889646562542311e-01 -3.109594360413839631e+00 9.320070303718402602e-03 -4.707333941502994668e-02 -1.334768687235068807e+00 -2.213342892703658915e+00 1.673319111213375621e+00 -1.767152085123417926e+00 1.887251699543017969e+00 1.226355897789794536e-01 6.006825565564152258e-01 4.447858970699598569e-01 -3.264360797582773088e+00 -5.997189207930804233e-01 -7.266674477307127900e-01 -1.570558954822489417e+00 2.320220692065158463e+00 -2.307373337740479258e+00 -4.505550177259451061e+00
1.993879097536941813e+00 3.446859260809556624e-01 -2.519877757684763075e+00 -1.292710168171825380e+00 -7.123472196457729388e-02 -4.460173585697117526e-01 4.587106086995526688e+00 3.012855818488890058e+00 2.277706201232696959e+00 -1.692259724145365629e+00 -2.429964890948883571e-01 -1.976799829534628128e-01 -1.492277725148999590e+00 8.511512518066755018e-02 3.847231858145583883e-01 -1.131425539098900979e+00 -1.981751336096603255e+00 -9.879682474421775940e-01 -3.152547533192306073e+00 2.311630483018880078e+00
3.310055656285352921e+00 6.637036419992494718e-01 -1.917502663336474900e+00 8.826743588695599163e-01 -1.106944073151436392e+00 -6.752903734896062993e-01 -4.992751362271697496e-02 5.930048549527801027e-01 -3.716236142944306931e-01 -1.289554835867633642e+00 1.659014401414049988e+00 -7.537674393946225404e-01 -1.969284596525976150e-01 1.076051987230377094e+00 -1.222924427991236351e+00 2.160074830355084075e+00 -9.820696216823506797e-01 9.231171800595914245e-01 5.769879623392145440e+00 1.057765144434845928e+00
-9.531457835455434680e-01 -3.215663234326722630e+00 5.871571428687365035e+00 -2.220743535701663163e+00 2.727234813332578556e-01 6.892637317078289527e-01 2.741377696056326307e+00 -1.021888473541610720e+00 -2.595316569510905502e+00 -3.229900197161053477e+00 5.126726593220582995e-01 -9.150599943233564959e-01 -2.212468502645786206e+00 -4.399695499141105692e+00 2.217699533102712728e+00 2.519488394024148814e+00 2.198123338875873412e+00 1.867310461675475652e+00 2.592609108436651155e+00 -3.110741796271622839e+00
-1.081245840430834715e+00 -2.805100199790397930e-01 1.377115897033374781e+00 1.384187467148218387e+00 1.627122577662279135e-01 -3.838925293488183454e-01 3.168414939569592192e+00 -7.273059985034210362e-01 -1.148703832884747200e+00 -3.453750637372752674e+00 -9.334940706166859892e-01 8.392406257064257691e-01 1.173286624406146617e+00 -3.811769266936322786e+00 -4.617007876148551127e-01 1.048505291100138903e+00 -1.814002812630105321e+00 -1.295424659799464528e-01 -1.949761327189273030e-01 2.282228157049058570e+00
-1.587980219290892281e+00 2.735871067309896820e-01 -9.197756780414410027e-01 -2.620413279687189512e+00 4.550593711310613743e-01 3.970395511321780924e-01 -3.746256127573902805e+00 -1.144330653993836489e+00 -1.033474593299710698e+00 3.549623941641836034e+00 2.643534678686655370e-01 -4.212393769462829951e-01 -2.840555085082810294e+00 -2.325918775501085278e+00 -4.031860618217972259e-01 1.411522843864770449e+00 1.864079261463855719e+00 3.355017159508779101e-01 2.614468884790837055e+00 3.903541442727339827e+00
1.064908229906955661e+00 -2.486871415397203133e+00 -4.409185696155031309e+00 -9.170024285230723993e-02 -9.456975320274949581e-01 -1.197484009606819333e+00 4.203048960595715533e-01 -5.161724892270336262e-01 -4.477591524138026524e-01 -5.448903823604399621e-01 1.216180499548035643e+00 -1.313551195603545496e+00 2.576474622406772941e+00 1.451011274565724873e+00 1.294317231126915768e+00 -1.260656342535225516e+00 1.136760946271962114e+00 6.192301237126959235e-01 1.895874456579337286e-01 -4.856626155139837087e-01
-1.183077669258676190e+00 -1.621009404956286426e+00 -3.365291512720884892e-01 -3.987820917043975455e-01 1.911487430304599153e-03 -1.927372260775647994e-01 -2.928447065501600388e+00 9.394229925344440568e-01 -1.458582082565258231e+00 2.736667217662791085e+00 -1.059191013787040614e+00 6.555021802997142988e-01 -1.267822709087054411e+00 3.935033438045009824e+00 -1.639387710170155055e+00 9.235604159140818892e-01 2.936741210466490948e+00 -3.913864182313667728e-01 3.959970918946274399e+00 1.675856794115232917e+00
-3.155321207638441261e-01 1.709002972072228288e-01 -6.349411076720390401e-01 2.976662787025551871e-01 7.324538792091054296e-01 3.354902551979570990e+00 -4.986470175135294447e+00 3.788577628050756041e-01 1.815865102031368306e+00 -4.181896242484234527e+00 1.731103939978011486e+00 -1.274184537014633634e+00 2.105106490121548823e+00 2.396729743637505461e+00 -3.424931184893561520e-01 1.915935222050274556e-01 3.487473955038624673e+00 1.262076811665195919e+00 1.737430488316875632e+00 1.212948747921016368e+00
1.485269104543856411e+00 4.678266673315911034e-02 -1.078873977686092722e+00 1.634999846946304070e+00 1.344854636852919061e+00 -2.075765169909166430e-01 3.001482492305149741e-01 2.100945691298778062e+00 -1.769669325359394918e+00 -1.073949365143975765e+00 -1.071269522751345571e+00 -8.372719650034986527e-01 -4.580714692310167702e-01 1.369398826990466889e+00 -5.777563411601187582e-01 -1.097054334472114867e+00 -2.532031453446593972e+00 2.806206813187493321e+00 5.556688839892318654e-01 4.595426134784158512e-01
-3.140976334066257536e+00 -9.337936685534471426e-01 -8.873704933335185840e-01 -1.294494073488819064e+00 -7.103498925553707044e-02 -9.991502358101183034e-01 -3.771694442735947117e+00 -1.514032768315677568e+00 1.251257627154321206e+00 -2.407217634621058033e-01 1.605863588850967805e+00 -7.238383114488431413e-01 -1.038109151615346004e+00 -3.258173064135134744e+00 1.003340165599389877e+00 -1.133758139182309943e+00 -2.111691075183766308e+00 4.657907248400753319e-01 -2.730046709592088838e+00 -2.317979242349136548e+00
-5.309253009880459118e-01 1.637220529375696287e+00 -9.959039726792311420e-01 8.897337674767759053e-01 1.245518971739105307e+00 -9.827492979954274288e-01 3.158065418016974268e-01 -3.599294538273391519e-01 1.472839284940521631e+00 4.641489968275985589e+00 2.227194954267205929e-02 -2.584237380899494507e+00 -2.341155262872760989e+00 -2.479742253390540885e+00 -1.602981312081603216e+00 2.512366210993525417e+00 -1.658993895257920403e+00 -4.541418160266509629e-02 1.053538118650351851e+00 4.630125179818095127e+00
-1.040023990228116757e+00 -1.360460469565424768e+00 8.137166590842825897e-01 -1.358692280872197289e+00 8.359012802537669762e-01 2.756440720055942428e+00 -4.568962998692645883e+00 -6.027234496174549427e-01 5.307520732125566854e-01 1.516669304093303916e+00 7.242703156626759675e-01 -5.210378397899708691e-01 -1.606580186335621052e+00 1.479299885419554483e+00 -4.062597621343849025e-02 -1.558431328478715461e-01 3.198973733042069778e+00 2.928442219183994499e+00 1.909311324691551404e+00 -2.014806714644350016e+00
6.990065197211904613e-02 8.548913554841086615e-01 -3.030453530873074453e+00 2.946006683410339402e-02 2.659157270835147191e+00 2.295046802960869492e-01 3.091896623127547539e+00 5.863433267874859078e-01 2.051205947144383757e+00 4.043961101741875730e+00 5.160277817698430969e-01 -6.289485255316815682e-01 2.530066149196453229e-01 4.576403964120025591e+00 -6.864485182902987925e-02 -1.127641850786197830e+00 2.683636077628844596e+00 -1.123876688264976664e+00 -4.802653177666039497e+00 3.529807775963223815e+00
