6.108651281809285294e+00 5.213505710603144827e+00 1.166178881761450725e+01 5.357765383781002200e+00 -7.019652106775781775e+00 -2.638799964137187093e+00 -1.040147353500126570e+01 2.391570498062953742e+00 -2.404453601042753963e+00 -1.786743373704301874e+01 7.000706158653297040e-01 8.629766477306768380e+00 1.421940166121340532e+01 -5.317903889303233989e+00 3.239003445431587025e+00 6.098004610945630510e+00 3.933339034700583436e+00 -1.730456846045721031e+00 -7.191828469579254701e+00 -4.268117336226582736e+00
-1.610730734718486268e+00 -1.110887759372309880e+00 -1.763133734988892254e+00 -1.981599273057601529e+00 -9.177581237832457717e+00 1.076273998831652090e+00 -8.545679898203369262e+00 -9.060905476622963528e-01 2.909633820826509343e+00 -4.984717838386345523e-01 -3.037131240041389901e+00 8.430918540976701792e+00 1.186851146411806113e+01 -8.710751603660544795e-01 1.008971304743498010e+01 -5.365238281205183313e+00 -1.281247424992358397e+01 3.409080560106338975e+00 -2.708368102641632191e+00 6.156157735286600818e+00
-1.393821333728665302e+01 -1.284055699125335614e+01 -9.866319022037155051e+00 -7.242634426967835104e+00 4.784037028480961240e+00 3.170502155895540852e+00 1.146064169814930800e+01 -1.383127670751583160e+01 -1.954882044678912578e+00 8.562965856415189592e+00 2.643659560342731751e+00 6.896825417172106398e+00 -2.154488471255748827e+00 -1.147697504162203330e+01 -4.776176586650085376e+00 6.533863449146969593e+00 9.219152311951479106e+00 -4.215843323453674074e+00 -1.246882473830859439e+01 3.619722780201868773e+00
-1.906760699382101132e+00 -1.469393845303758273e+00 -1.269061493009829178e+00 -1.557691498405569641e+00 -9.039891506767508744e+00 2.293304356130817734e+00 -1.606795531722122194e-01 1.972382845953094543e+00 -1.317777040988636683e+00 -6.526321319759340156e+00 1.915660335816769810e-01 -9.659530853943230078e-01 -3.480719932919087878e+00 1.277085742135209756e+01 6.030746723444957880e+00 -5.251082325449239363e+00 4.419431636291925258e+00 6.935201338007096261e+00 -4.264461938978717725e+00 -1.727283838786279091e+01
-3.538250531997023440e+00 -3.725446660561513301e+00 -2.740919338485765078e+00 -1.376805528562063730e+00 6.028927361335958857e+00 -1.831330091049578224e+00 2.885741998856528046e+00 3.467406548101027997e-01 6.502721743977859070e+00 -1.087419115640696887e+01 3.124420290492133212e+00 5.150509358017361983e+00 -1.054383808347436791e+01 1.853611859239218784e+00 -5.994739900440412050e+00 1.472624740585177339e+00 -1.364723482216700035e+01 -3.239539321292320473e+00 2.731675139718761081e+00 2.744518733809052868e+00
-2.832463671200253774e+00 -4.468210534666411604e+00 -7.531377727232571928e+00 -2.389286683417999768e+00 -3.169841855588797497e+00 1.518943087709373918e+00 4.249834729882913997e+00 9.002749960288076281e+00 3.559552285152786322e+00 2.665350737877896670e+00 6.926415266812529836e+00 -8.843548158833364425e+00 -3.285419268697244988e-01 2.238451682372188944e+00 5.071830094904111519e+00 1.150807836049997412e+01 -1.570795604997978501e+01 4.424441939666448498e+00 -6.344049720268442272e+00 -6.622264110748310451e+00
-9.895375120122318791e+00 -7.463221032627589402e+00 -1.286666316879668948e+01 -5.088242128823401877e+00 2.403430827940078451e+00 1.872467328924573904e+00 3.308508201018272032e+00 2.079268505499970165e-01 8.210009884161033611e+00 6.578457541722150914e+00 -9.331805435412237060e+00 1.546670318320147075e+01 -5.253554094163722432e+00 1.004885189521901312e+00 -1.362232976530857798e+01 8.280741029245282547e+00 -3.189994014056436011e+00 1.638264755913196646e+00 -7.549536357117452745e+00 3.474339782099660212e+00
-2.622496763797137476e+00 -3.546517634758199478e+00 -2.650532568729325078e+00 -1.399032131204568152e+00 3.599517244763644985e+00 -6.104034283818582374e+00 -8.912655085701945978e+00 -8.331163755039435515e+00 9.345525437171529504e+00 -4.676025434225483224e+00 6.045071549452768700e+00 3.813340385953214451e+00 -2.265830564942965530e+00 -4.577765111489590644e-01 6.880391269721534364e+00 2.144626530670835862e+00 1.068505519357341704e+01 -1.183804924298620875e+01 9.756419050054567776e+00 2.877623317781563550e+00
1.168967314068767571e+01 5.696578778247973318e+00 6.427628949224093446e+00 7.169868226006680167e+00 -1.161422501593838064e+01 -1.813039838196373710e+00 -2.623138732198981860e-01 -5.758806381040019851e+00 -3.266984457120241547e+00 -1.198915213301553706e+00 -1.461099629835654667e+01 -1.113465127849333047e+00 1.077238303874024083e+01 -4.506911408801520302e+00 -6.061463306814836471e+00 -3.339316943855413111e+00 4.548223622331138749e+00 1.229202784521416270e+01 9.838207214041032600e+00 -3.877362333093603119e+00
-1.345404678520900354e+01 -1.215230434182337937e+01 -8.039607383317434852e+00 -7.720202333066621847e+00 3.857879643621580534e+00 2.990955915114875907e+00 5.981485881199924748e+00 -5.436696204360060847e-01 4.868456724061198670e+00 -4.576629673346491955e+00 1.048101301913571426e+01 2.956108825001162010e+00 -6.383483291012338690e+00 -1.976263885648828156e+00 5.548363290518397939e+00 -1.419325140631415039e+01 -8.437693624888250810e+00 -1.012048383652120798e+01 6.338657612013503417e+00 6.149757815034770481e+00
-3.425362265276310048e+00 -2.619901797085022466e+00 -3.145722327967988008e+00 -1.179775706287299997e+00 4.497290393409934417e+00 1.909340380208451038e-01 5.946156679853028315e+00 4.850603323742442186e+00 7.793767121268023956e+00 7.080942849492473989e+00 8.859566486018314535e+00 1.651691039791278515e+00 6.775270630394095939e+00 -3.797829202306796326e+00 -7.947546605257734598e+00 -1.339627450132043585e+01 -1.953613970240848152e+00 -1.023678755726880674e+01 -8.584513045463303627e+00 -1.346999693035461121e+01
-1.185081807164418244e+00 -6.586360663801398285e-01 -4.123999622448821789e-01 -3.595934736163197143e-01 -7.259754529345148200e+00 1.255800781429960711e-01 -7.293277343884132513e+00 -4.080173620444868199e+00 -1.229574431917268384e+01 -1.812416852173850623e+00 4.096204487571294628e+00 -1.878538496995289853e+00 -9.372842793839254227e+00 -8.911300469261111967e-01 -1.447524184367475319e+00 7.883726906631514098e+00 6.310736672651302115e+00 6.367229696769063807e+00 7.126533001108821708e+00 4.024344577703870662e+00
-7.340028230746274973e-01 -1.144317572293819696e+00 -5.874195084528617272e-01 -5.618387607317149035e-01 -6.938922582288852503e+00 7.217576328225612237e+00 8.212684401385470068e+00 1.532435338495213184e+00 5.580051934462081142e+00 -7.633842856016653577e+00 -9.375220724580866971e+00 -1.447670367184128537e+01 -2.280220385201915390e-01 3.071587041088132963e+00 -1.228028200411260507e+01 4.847452876619871454e+00 1.185322721018690517e+00 -1.027503107268746163e+01 -7.305814690866689887e+00 3.319616602823706408e+00
-1.112429742388296461e+01 -6.048601379956727087e+00 -1.107920938564742031e+01 -9.348476031163649225e+00 6.813887336912994641e+00 2.970780130362878246e+00 8.974198594463340228e+00 3.931907424438866983e+00 -1.491991530003867439e+01 2.392293402849722472e+00 4.197176830471262221e+00 -2.593969403971795540e+00 1.267292339337081408e+01 -7.086068282341085878e-01 -7.223120397600028220e+00 4.943445050760471027e+00 1.016996796131949488e+00 -1.040883305254955182e+01 1.556950625353102780e+01 -1.205060746236334701e+01
-3.206044478002762155e+00 -1.665765780553123188e+00 -1.360394170548454351e+00 -2.067766287141583614e+00 4.922520373304962504e+00 -3.442761850906640664e+00 4.677015231398557127e+00 -1.044817083712889350e+01 1.264569751408713083e+00 -1.064805564821491579e+01 -9.987943624836476131e-01 -8.816988365627665303e+00 1.485266788329202559e-01 8.868609891628391750e+00 -1.411177451428434004e+01 4.980748105531355718e-01 -8.545246853229214068e+00 4.356535095284235659e+00 2.690805953739633605e+00 8.906858867263006019e+00
-3.236651628325854624e+00 -2.773897894345660031e+00 -1.867549454530129882e+00 -1.735152540224939699e+00 4.422642799936198799e+00 -1.905896020611071995e-01 5.601544844327496442e+00 1.075632945632131587e+01 -1.492689043975217267e+01 -4.175086050757702560e-01 -8.458017811710206502e+00 1.890509585497088141e+00 -1.161767606870671976e+01 -1.397958604142670502e+01 6.002758986513854200e-01 -3.750027564705948002e+00 -5.532849035573612184e+00 6.628379238886960678e+00 1.805461960639982655e+00 -7.697410013542997476e+00
6.858266445386624000e+00 1.251398872511006566e+01 4.751838955398433484e+00 7.746809948966322246e+00 -7.634869218784788636e+00 -5.115087424612539735e+00 -1.081766010757924867e+01 3.876987307016952489e+00 -6.153492094984699179e+00 7.952465625381538450e-01 1.088893561969769763e+01 -1.142312275280545819e+01 7.611496462856208456e-02 -3.751852960943730331e+00 3.176202295176973056e+00 7.569027750701969204e+00 -6.337812916741419889e-02 3.369135928266838942e+00 -5.547991911109638075e+00 -4.253388692711794761e+00
-2.995269670445882326e+00 -3.822744081158956586e+00 -3.633935473975679287e+00 -1.206045938885372371e+00 3.122280927364967429e+00 -7.095975685255729637e+00 -4.535851349892343620e+00 1.581159727368432577e+00 -1.351348498511870311e+01 1.064558544793582406e+01 -3.187805524575088256e+00 -1.575584337839732951e+00 -5.268344362310927842e+00 1.356743226339646391e+01 7.730248502330144156e+00 -4.870079735561692047e+00 1.551308238589613753e+00 3.551387584058264824e-01 -5.864999161515800807e+00 4.196686980865218075e+00
2.599549988347777507e+00 5.360423184194652357e+00 9.957190158792400325e+00 6.793685110405298211e+00 -8.449405396403326662e+00 -4.055207017904960409e+00 -1.227592833788495597e+00 -9.711775040209479570e+00 5.255528826626147065e+00 1.341329533073258595e+01 -1.382739143985628516e+01 -9.370925608675904073e+00 -3.571309594441154811e+00 4.400490872478221682e+00 8.304971441758681294e+00 -4.153623147076747735e+00 4.939462115624586147e+00 -6.620649527365469744e+00 -4.187576437575126320e+00 8.968812217312083224e-01
-9.326614981228695811e+00 -1.020248374048976991e+01 -8.345013346179490199e+00 -6.713754504243016896e+00 6.336830176987678698e+00 -8.574781315459205633e-01 -6.442975469263703125e+00 1.845998777040946237e+01 3.881487411746454619e+00 3.595933035500691766e+00 -1.128352384855430834e+01 -5.893980885553416371e+00 1.481387120414164649e+00 -1.632350102234840605e+01 1.378831142410720800e-01 -1.142260979689523381e+01 2.572404824635905474e-01 9.160906117929238590e+00 1.829264984846483033e+00 4.128971658415821366e+00
