-4.705965988048391724e-01
-2.887937533221363040e-01
-1.307853360217061355e-02
3.655413588517782836e-02
1.816969198315962208e-01
-7.000162942840354452e-01
-1.808331456735801646e-01
-2.288207361344075583e-02
3.853779437347777947e-01
-3.218392176132853777e-01
3.231936085784331003e-01
-5.329547287560610913e-01
8.670844118983996041e-02
5.507163050972065793e-02
-9.311888675744714461e-02
-1.782016910743945692e-01
-9.250343698060183029e-02
1.238567388908671379e-01
-3.477941036869057756e-01
-5.269233655676958117e-01
-3.001953905858513183e-01
-4.940123203639363442e-02
9.164262996208749623e-01
6.197809549919332250e-02
-1.030011637737549279e-01
1.089262173570178238e-02
3.100859798869685102e-01
-6.043112257212158479e-03
-2.129768088239222812e-01
1.944914869255698064e-01
1.075765290168518712e-01
-1.276865520063556469e-01
-6.884804416343764943e-01
-1.420505231571892457e-01
2.603698353969031154e-01
-4.342401838732452002e-01
