2.333509129990790978e-02
-6.448217688317341156e-02
-7.134938975593149713e-02
-1.719547157914277577e-02
2.902704067731327886e-02
-1.226949049071017483e-02
-1.179026916184830048e-01
-9.803601553993364359e-02
-1.655274451183540510e-02
-2.176581114277058651e-02
8.390261162910621351e-02
-8.174595895394339007e-02
-1.111445275483336215e-01
5.341819045465751731e-02
1.797203140507267760e-01
1.752116241642365513e-01
6.775387007862133937e-02
-9.611464582549906002e-03
4.928884750984308810e-02
8.224628828792054924e-02
1.469786247648975294e-02
-2.875996044824918191e-02
1.144833352106284369e-02
1.595149550315848319e-01
3.573441014084499101e-01
2.359380303415201940e-01
2.827723075812947906e-01
2.702458558261963129e-01
2.237245173248449126e-01
9.825979207037921492e-02
2.983214692650358948e-02
8.426226004797968128e-02
3.636876416954622909e-02
1.514398800343159102e-01
2.574185927106796834e-01
1.621607418325228256e-01
1.254008239643243372e-01
1.899020732892888752e-01
1.986291046860180209e-01
6.913619168871901199e-02
-1.195866742595766419e-01
-4.804228648239156768e-02
1.668949174218529660e-02
5.863027366426485504e-02
4.761703833748444359e-02
9.031681501706431345e-03
-7.939463392895654281e-03
-3.077773371120061992e-03
-2.254375737427285684e-02
-1.307950027287032024e-01
-2.341564843291902842e-01
-1.933412473406367627e-01
-1.249249128882018861e-01
-1.053819998134172646e-02
2.702264661144180430e-02
-4.895711415331139432e-02
-4.033414121727278701e-02
5.029603537459532286e-02
-2.659224921052737514e-02
-1.618375359481280806e-01
-1.507092339412113846e-01
-2.029333753688468134e-01
-2.445949835506529280e-02
8.079710952706088689e-02
-9.367738155442050310e-03
-9.163619543911347143e-02
4.297700246227231964e-03
-4.875616202535710576e-03
3.783085774849144489e-02
-5.154350650807219131e-02
-1.530347666150878305e-01
-1.908836231896397506e-01
4.017890373670630205e-02
7.598780099138768840e-02
-4.488842765212334995e-02
-1.266018746153319274e-01
-5.518252670130793791e-02
-8.525093198693395324e-02
-3.255689693159906362e-02
-4.864255617682586991e-02
-2.011568056386625891e-01
-1.832328302984632951e-01
-2.594847964970068213e-02
2.767076450196251022e-02
-1.482416217619431376e-01
-2.294742631061417182e-01
-1.402592843080000817e-01
-8.905703575939835637e-02
-8.415384275961515503e-02
-6.557319421314188046e-02
-2.173981360075904479e-01
-2.354203471884866450e-01
-1.081704900768092475e-01
-3.760665588414242866e-02
-8.309437491023524691e-02
-7.945297963962166810e-02
-4.214835659445520522e-02
-3.250900354582022395e-02
-5.818080122149833083e-02
-9.829021345839299151e-02
