9.775893099624789750e-02
9.450554963266886987e-02
-1.210785813101770414e-01
-7.981328196999072366e-01
2.653816796799261524e-01
8.079149301189643417e-02
-8.962432542867794505e-02
1.373576327295744082e-01
5.633602622248272684e-01
5.156564917962845607e-02
-2.201446935360105162e-01
-6.864482227552746174e-01
6.668319732682384537e-02
-1.762462990358145132e-01
2.323363186703202368e-02
-1.071441289637627553e-01
-1.272981454951429336e+00
1.788842245053972047e-01
-8.380938157712591874e-02
-1.186594851492783098e+00
5.686707867672574634e-02
4.089730885846036279e-01
-5.692336633869549134e-01
-7.126927551041879472e-01
1.978779054735559650e-01
-4.205210214515089917e-02
-6.218078643165313446e-01
-4.295720048598075103e-01
-1.062688075710531033e+00
-5.904919696889434633e-01
-1.520227480819146271e-01
1.534359550584903698e+00
3.513426320450733359e-02
2.602164931547978899e-01
-1.783162594679530699e-01
-3.991073667435484085e-01
5.566710349437815897e-02
-9.638222609086497528e-01
1.914346405697431308e-02
6.146493753293030826e-01
9.018502998523899583e-01
5.802064043227611734e+01
-4.117759903401701504e-01
8.893444665082426148e-01
-9.203520396820795424e-02
-4.162106049275393627e-01
-1.929988653520524899e-01
-7.408328274885882248e-02
6.166613914948673170e-01
1.930703465660735252e-02
-3.881538772766101042e-01
3.609432084655443962e-01
6.795885377700811025e-02
5.870533879860224680e-01
-4.273154553506642861e-01
5.695385347862737951e-02
-2.003957563330721267e-03
2.206794222677821438e-01
-3.221431198365462545e-01
6.162931318456882357e-01
-5.039860028788916146e-01
-6.354376152634622944e-03
1.059209682800911073e-01
-1.688192625113507372e-01
-1.029391470548264742e+00
3.311145979349860297e-02
-5.406761681130134445e-01
1.078034949826185140e-01
-2.002532710853607845e-01
1.022361439885651098e-02
2.453745536691452900e-01
-2.010657034321409187e-01
7.420954395739378651e-01
4.840572760097926475e-01
3.948637333706729868e-01
3.654862459073321967e-01
8.794292559009565802e-02
-3.872806612808445820e-02
1.199293608355352925e-01
6.145770864156795132e-02
-8.434845192305102934e-02
