1.182237894336085837e+00
1.095572232714573158e+00
5.184299816163322472e-01
7.014746045251297746e-01
1.177863569604598926e+00
7.947008679134252018e-01
1.355039991276621336e+00
7.783325858298358879e-01
6.640595619047808817e-01
8.397040321667269547e-01
5.957618101071229244e-01
5.237724752020908037e-01
8.973534400760240226e-01
5.741687619391128150e-01
8.643451579479809466e-01
6.984743220037837874e-01
8.856787437281407049e-01
1.219771146796044398e-01
5.609085203594758040e-01
7.281904281890679842e-01
2.933903116468075112e-01
9.340441439324516093e-01
7.573300689352784332e-01
9.112762387159895061e-01
7.406378978261877188e-01
1.380157200997531364e+00
5.543370425914789790e-01
9.144501494851114964e-01
7.006231294661442455e-01
6.626229936662570985e-01
6.557444744314584462e-01
8.745703303711155341e-01
5.710223494442938641e-01
9.476397137578221885e-01
9.153183899973124094e-01
8.020963201691606592e-01
6.275150211358241359e-01
8.894032423307057789e-01
3.427463947645403852e-01
8.118104733297918374e-01
6.217208053387683897e-01
9.670960151810424898e-01
4.665348950894843694e-01
9.090895371336819852e-02
1.080005883359236307e+00
1.142076947988188040e+00
9.785268632188492965e-01
1.781261461297805881e-01
6.571532947895459831e-01
1.120917625834113363e+00
-1.836799057520805967e+00
3.937204093465723753e-01
5.188578815718731807e-01
1.024911924199157998e+00
1.048935408797251778e+00
8.336764666579811189e-01
1.124719590973216193e-01
6.765149977460634956e-01
-8.278285714532955808e-01
8.734897123146124764e-01
6.888074007546367561e-01
5.507861701546474809e-01
3.181823684970673805e-01
8.767175367891846260e-01
1.105391604821551521e+00
9.463976719728179887e-01
8.195174046813969992e-01
1.147918681012990216e+00
7.984498246179946301e-01
9.598332954846530152e-01
8.519780020935792120e-01
9.297685104068635908e-01
1.242131850706969187e+00
1.348880458244205549e+00
-4.351398586926585321e-01
7.945062997118121917e-01
2.731357305648972611e-01
1.059265249278430465e+00
1.174036308239609916e+00
8.752019620081816775e-01
-1.811473579966823011e-01
8.596052207473444673e-01
7.941485516947486278e-01
9.137790154675529131e-01
6.974648490795360978e-01
7.082270723532502199e-01
5.077465801382236021e-01
9.945718625033318494e-01
5.875294981486819390e-01
1.099541707580430794e+00
8.861806277444288504e-01
7.158202861377740422e-01
8.194143784283732801e-01
7.011297113061407682e-01
8.624536461330527537e-01
5.604081785314936059e-01
7.302985301939810547e-01
7.747243144175882668e-01
5.923579617314901347e-01
9.043699782127631037e-01
