2.750088239048972039e+00 2.749933052696913904e+00 2.749839196508124584e+00 2.750108845511936906e+00 2.749974360000600804e+00 2.749946217999709841e+00 2.750013130055071198e+00 2.749909351658052170e+00 2.750074396016875422e+00 2.750063140627305280e+00 2.750006251187726125e+00 2.750033131294946198e+00 2.749952495249524898e+00 2.750000625054692449e+00 2.750038755135055801e+00 2.750013125164064931e+00 2.750042501912586257e+00 2.749996874781234890e+00 2.749972498831200429e+00 2.750024375914096986e+00
2.749882157963491114e+00 2.749917294891332631e+00 2.750176031191977177e+00 2.750167753727513986e+00 2.749872925493025644e+00 2.749982474500399121e+00 2.750180204081122959e+00 2.750155762070622512e+00 2.750030643232724170e+00 2.750061275735809385e+00 2.749878044204285832e+00 2.749943723127793671e+00 2.750011254473653466e+00 2.749935601655599804e+00 2.749969995724391048e+00 2.749933107440702962e+00 2.750053130180192706e+00 2.750009377414684320e+00 2.750031252890892564e+00 2.750006250828234133e+00
2.750084859974759599e+00 2.749893221982708358e+00 2.749659958693140283e+00 2.749964258482655577e+00 2.749994986161808708e+00 2.750014412400180408e+00 2.750037567245370518e+00 2.749815959215561989e+00 2.750184639033819600e+00 2.750072590738424694e+00 2.749941821039014300e+00 2.750016891891892801e+00 2.749972479566078043e+00 2.750036895476990040e+00 2.749972486174302677e+00 2.750005002213479433e+00 2.749938716907129876e+00 2.750013128413387520e+00 2.749904343911771409e+00 2.750045635153822055e+00
2.749661990553433633e+00 2.750076910274715569e+00 2.749593327038091672e+00 2.749789392948755129e+00 2.750015079279314989e+00 2.750415546198445416e+00 2.749907179770209709e+00 2.749794979698603203e+00 2.749926065162908717e+00 2.749773223879401929e+00 2.749844057266682906e+00 2.749988106416276334e+00 2.749994367593386002e+00 2.750005632336118833e+00 2.749858612500657884e+00 2.749933697787008136e+00 2.749928064034269148e+00 2.749908077659995342e+00 2.750152601098228455e+00 2.749910593037010909e+00
2.749642084277402976e+00 2.748953287438698379e+00 2.749415184713125626e+00 2.749628369596222477e+00 2.749786812122196888e+00 2.749976084564982770e+00 2.749615361409441405e+00 2.749538646814655429e+00 2.750166367414590418e+00 2.750227763848421159e+00 2.749672020529134286e+00 2.749943589370734909e+00 2.750436852555683487e+00 2.749884742110473734e+00 2.749934901049596370e+00 2.749929267486580287e+00 2.749985604089941305e+00 2.749952446145260243e+00 2.749964962948318714e+00 2.749954337099793644e+00
2.748761164299961646e+00 2.749787318294473426e+00 2.749345323007960751e+00 2.750213271044659624e+00 2.749253704867526960e+00 2.749476446411643238e+00 2.750111720982849395e+00 2.749645261372434923e+00 2.749538582788198848e+00 2.750033966878524083e+00 2.750189173969665113e+00 2.750277499441237339e+00 2.750435514924233882e+00 2.749924728080192615e+00 2.749878992920147702e+00 2.750104038185777089e+00 2.749842755475368605e+00 2.750016284849579939e+00 2.750010646079238175e+00 2.750049452145348017e+00
2.747950205695940173e+00 2.747858545000319896e+00 2.749538956268928747e+00 2.750241283706134077e+00 2.750084840907365269e+00 2.749708744779038927e+00 2.749556143981829681e+00 2.749827284276172179e+00 2.749522813918925390e+00 2.749468725471150066e+00 2.750018268867336246e+00 2.749751260698944488e+00 2.749899943867885721e+00 2.749985537465514884e+00 2.750045861646098100e+00 2.749903896887015975e+00 2.749905276892582684e+00 2.750140479738308663e+00 2.749817504057558093e+00 2.749691684505518374e+00
2.744403939033502660e+00 2.745765226020913996e+00 2.748086489380527464e+00 2.748457285236014513e+00 2.748338445150054099e+00 2.749957719952353941e+00 2.750277777068272478e+00 2.749007731925968034e+00 2.748907781170159659e+00 2.749391821519898471e+00 2.750258136356744210e+00 2.749918485472728769e+00 2.749542411221471916e+00 2.749919307863202711e+00 2.750190135134459979e+00 2.749964781026033922e+00 2.749639954155422839e+00 2.750266361774575952e+00 2.749893293563220098e+00 2.749721953730090984e+00
2.740329695149036571e+00 2.743725889384142302e+00 2.748528072236700481e+00 2.748122532752491409e+00 2.747834526911440367e+00 2.748708915929912955e+00 2.749735920028873792e+00 2.748953671579916325e+00 2.749845968201715340e+00 2.749560892541686563e+00 2.749864504851120994e+00 2.749484059795765933e+00 2.749632000851284896e+00 2.750319419706117152e+00 2.749874829629225026e+00 2.749439296241019015e+00 2.749966584451814189e+00 2.749920688873787267e+00 2.749816942448219503e+00 2.750269698691871323e+00
2.733633232050557638e+00 2.741001576767176484e+00 2.743188846559344363e+00 2.746838908933965318e+00 2.747280588436929794e+00 2.747550729274320425e+00 2.747116313463910497e+00 2.748200631821411388e+00 2.749958738001804903e+00 2.748704059754832674e+00 2.748731992239475730e+00 2.749251242605077028e+00 2.750343033305427731e+00 2.750030485791092882e+00 2.749853470280485102e+00 2.750268501936516508e+00 2.749949412681236716e+00 2.749569945438019136e+00 2.749932518510116441e+00 2.749839900763691780e+00
2.719971806459684949e+00 2.733651970125359210e+00 2.738434343434389628e+00 2.744490808033011486e+00 2.745008594295577087e+00 2.746139687765568382e+00 2.747932015589352073e+00 2.748834969268902917e+00 2.748714755106479668e+00 2.748882996113215071e+00 2.750115441269434857e+00 2.748985623886325946e+00 2.749469898979557847e+00 2.749753232904680544e+00 2.749367950834114005e+00 2.749357396808119969e+00 2.750283446712029622e+00 2.749929650840016837e+00 2.750157695542481573e+00 2.749906434759747054e+00
2.698126516022005816e+00 2.726075254442771545e+00 2.735295677881341980e+00 2.739944994191546801e+00 2.743355600456383048e+00 2.745194083020221054e+00 2.747415066469757416e+00 2.746533872819470368e+00 2.748222542437325888e+00 2.747437484590839141e+00 2.748033133040522991e+00 2.749510371054457725e+00 2.749809996018987679e+00 2.748703400430714705e+00 2.748358511820274686e+00 2.749367339627966089e+00 2.750608597250405296e+00 2.750531031897626821e+00 2.750115135261680166e+00 2.749782360958485494e+00
2.651901297372603938e+00 2.710931239610257837e+00 2.727444550068147677e+00 2.734995064735712411e+00 2.740858573004209209e+00 2.742570380388793527e+00 2.746067945463860571e+00 2.745082510931554420e+00 2.747223329383258417e+00 2.747861715408964400e+00 2.748751707911550657e+00 2.748659957265660037e+00 2.748268187617598723e+00 2.748639457550322795e+00 2.749436298493884046e+00 2.749046136303851640e+00 2.749594470922748890e+00 2.750524092896442951e+00 2.749537392015554804e+00 2.749282384550040259e+00
2.571859683401793273e+00 2.685839878690854388e+00 2.718243817255102002e+00 2.732003839822869207e+00 2.736502511975752228e+00 2.742092523399218162e+00 2.744018488689734969e+00 2.743621948997722271e+00 2.745424655741680819e+00 2.746230798984099941e+00 2.747127144436483093e+00 2.748268445998399034e+00 2.747904404972452586e+00 2.747907023783910052e+00 2.748646405228785561e+00 2.749427356871743111e+00 2.749083717761779067e+00 2.750116176402269463e+00 2.749651743343231036e+00 2.749457026221739930e+00
2.445843494459165601e+00 2.646918180172596724e+00 2.698733931970993538e+00 2.718354059684347845e+00 2.727552145158608887e+00 2.735948977639131030e+00 2.739671317606497514e+00 2.740353318785847758e+00 2.743374121503423524e+00 2.745129687195135837e+00 2.745355083501102023e+00 2.746867073338423726e+00 2.747525865946956358e+00 2.748580355461520242e+00 2.748310948847418000e+00 2.748992176714251556e+00 2.748553617459622789e+00 2.749406975169796041e+00 2.748999398602293365e+00 2.748868041135833273e+00
2.311614353891333185e+00 2.589332466369269170e+00 2.668916365697539206e+00 2.703304523037660445e+00 2.719111684306763088e+00 2.730825195282731155e+00 2.736202330114478443e+00 2.739151754839738828e+00 2.740367212666954710e+00 2.743190989275804181e+00 2.745049559745691425e+00 2.746966022746644587e+00 2.746284619205741961e+00 2.745389262847746537e+00 2.748111710864778345e+00 2.748037054253304579e+00 2.749374245860681132e+00 2.748401365639837834e+00 2.750070669713343463e+00 2.749210945719340327e+00
2.108576684032544168e+00 2.500349454497747814e+00 2.642387618746436129e+00 2.688043388555818591e+00 2.711652918099791254e+00 2.724550268261092700e+00 2.731275890766159176e+00 2.734676921971518571e+00 2.741216605183449229e+00 2.739965550162237751e+00 2.741893330615118085e+00 2.745407488618152314e+00 2.746132366378965628e+00 2.746418778721575915e+00 2.746200033078597169e+00 2.748898468205489110e+00 2.747604066279972113e+00 2.747442582626331564e+00 2.748461548624077544e+00 2.748878534653703021e+00
1.935034441031377339e+00 2.408727684139259306e+00 2.593096506915184563e+00 2.660431606801767490e+00 2.691957901043948276e+00 2.713697807601519685e+00 2.723761726379205328e+00 2.731298250946856854e+00 2.735302151780725222e+00 2.739005584840527252e+00 2.740603766596108937e+00 2.742820299238931891e+00 2.743581514762567064e+00 2.745135775844150139e+00 2.743968198338213593e+00 2.746775315851272214e+00 2.746407341378472644e+00 2.749018474974845194e+00 2.749688631716837417e+00 2.747523471281059226e+00
1.757229794986611582e+00 2.271608273441299897e+00 2.542151111335873903e+00 2.635727584184183847e+00 2.680269748126089979e+00 2.703070134992342055e+00 2.718730030463622160e+00 2.725752722095542868e+00 2.732986646523094532e+00 2.734606063377437835e+00 2.739318477345617620e+00 2.738689910350026846e+00 2.742430480182696861e+00 2.742697727330805080e+00 2.743565335727765397e+00 2.745737424814781669e+00 2.747705627229443781e+00 2.745485963303798460e+00 2.748326384720662929e+00 2.750032289833582944e+00
1.616283124128312654e+00 2.111535713978337281e+00 2.478225118594159948e+00 2.594145151549466455e+00 2.646453117582727277e+00 2.680306859410670040e+00 2.704059965742019678e+00 2.712653035743256336e+00 2.723331279322683152e+00 2.730272710056236729e+00 2.734901486070634657e+00 2.738099455409039873e+00 2.740772737298784012e+00 2.743354986848089538e+00 2.744643096864171739e+00 2.742884971225881596e+00 2.746265729854112436e+00 2.746508410801288047e+00 2.746886488057262987e+00 2.747305311841161224e+00
