1.262507890750588890e+00
1.249591102860489800e+00
1.119914583379046036e+00
1.061123301118273465e+00
1.132695146165777489e+00
1.174966780730645421e+00
1.259883947741980315e+00
1.022003395017312855e+00
1.146990133787886057e+00
1.265837129692899410e+00
1.102894086057742529e+00
1.051188341272713433e+00
1.129128825027543748e+00
1.194609786274399177e+00
1.152707539338987175e+00
1.342644129098726324e+00
1.511059059395292392e+00
1.160942640980329399e+00
1.103457796583287465e+00
1.280285569352734409e+00
1.076046952699820203e+00
1.005658018211918137e+00
1.259570794334109678e+00
1.347555839052669402e+00
1.355527524053304012e+00
1.504191735568558785e+00
1.478524214936476122e+00
1.315506681938714006e+00
1.236992499325838768e+00
1.112008548989994461e+00
1.055570171621924569e+00
1.150225004195987388e+00
1.169870446059603886e+00
1.258500063853811080e+00
1.453570524796382157e+00
1.515117222174045430e+00
1.381320243215903742e+00
1.202447830208497104e+00
1.066261449395414784e+00
1.060945247444601058e+00
1.012697045152465725e+00
1.146843998891147187e+00
1.477193632325049633e+00
1.499104910992261397e+00
1.473750663191067511e+00
1.533336349759197192e+00
1.372091163135806147e+00
1.124774815618153401e+00
1.085766477134652686e+00
1.251220101803761864e+00
1.073952650926972785e+00
9.953577331767692327e-01
1.317118599112511834e+00
1.604967187816146446e+00
1.383560731598492133e+00
1.478437481920409802e+00
1.320826213179095321e+00
1.158596905808960242e+00
1.025382486795858306e+00
1.060557051357272407e+00
1.086579957678919239e+00
1.190215349956735613e+00
1.205953647346802882e+00
1.171216032169100307e+00
1.338779821610254217e+00
1.354612431027887753e+00
1.269425919078862375e+00
1.063338899804078252e+00
1.000093583937289088e+00
1.090601289104088156e+00
1.323772672504501147e+00
1.220015461344124974e+00
1.087953631657655018e+00
1.209758289740840320e+00
1.264949841371947326e+00
1.243029960991964167e+00
1.302985367959731633e+00
1.342338683152417556e+00
1.214331764896371846e+00
1.104046343042992540e+00
1.288764331392284301e+00
1.285189890157218517e+00
1.102843809201624392e+00
1.091832749258556223e+00
1.058689200183021262e+00
1.112105789567907621e+00
1.326364256175363687e+00
1.370779828692358260e+00
1.328962909092877398e+00
1.317104436679617407e+00
1.290714774506119822e+00
1.365628141377946081e+00
1.095456517678773833e+00
1.038340257634787767e+00
1.213867655763682052e+00
9.926578704026437494e-01
1.177915092685215770e+00
1.215528665705865041e+00
1.212652448298727093e+00
1.281707236508044190e+00
