4.245077676136199685e-01 3.503725552494643680e-01 7.229024943218650412e-01 7.303777757195955012e-01 3.715160693186991131e-02 -1.071124396629173853e-03 2.560708392385122600e-01 7.337806879029916685e-01 6.670849016392982334e-02 -3.409629977011902624e-01 -1.584469397696983028e+00 -1.960466010695304795e-01 -2.672846993014551531e-01 1.954238753181178623e-01 -1.217906539860482557e-01 2.347006051387275430e-02
1.579487719064836260e-01 3.219707901589558552e-01 7.367311797561344466e-01 7.085844573442616756e-01 3.998546265552767043e-01 -3.688047190069590475e-02 1.807839013244086634e-01 6.526590886854330975e-01 4.619630991016859811e-02 -2.730305269961602055e-01 -1.322655956176912229e+00 -4.650170970089349126e-02 -9.128830251008930585e-02 -9.773770594437255696e-03 -2.154220735756582905e-01 8.975267666695603552e-02
-7.247530546171639110e-02 3.029065969352800480e-01 5.849930177138590315e-01 6.322909510564973523e-01 6.997977131360355596e-01 4.317194776998280192e-02 2.422664442695220827e-02 4.731972030632092263e-01 6.742582236589755862e-02 -2.287524327537090729e-01 -5.957008503757640350e-01 1.299452011190673772e-01 3.920269922432487869e-02 -7.727166430281552367e-01 -2.278108286304017793e-01 1.107004623159767581e-01
-1.855814135423763667e-01 3.099229233126450378e-01 2.014144898575181419e-01 6.192974300901454843e-01 6.899381878596878570e-01 -5.733790211823602823e-02 -2.733773521197431777e-01 5.879950567983363019e-01 1.480123215643607826e-01 -2.399641087286536467e-01 -8.634433261750609212e-01 1.231373112374485601e-01 1.691209088341760203e-01 -3.320239364343569033e-01 -1.001133679591621473e-01 -7.822653572104641684e-02
-2.097014914852430856e-01 3.180224446806947936e-01 9.253502037076911935e-02 7.892216672528848953e-01 4.482974089664454320e-01 -1.373905885836310958e-01 -5.713162734460871528e-01 6.984845453185209996e-01 5.579582348960741844e-02 -2.990164458397452374e-01 -1.180209348128788749e+00 -1.234158958053895999e-01 1.713543582863563397e-01 -1.058551009478088945e-01 -2.931803638461574074e-02 -2.546305826088203772e-01
-2.125049741242633072e-01 4.043553604129382362e-01 3.161217561081372789e-03 8.048431326856143597e-01 1.158995450418262574e-01 1.051122994538756933e-01 -6.379013372807099680e-01 8.209752226773090467e-01 1.320305398660962881e-03 -3.515147474529384808e-01 -9.796580586665686319e-01 -2.834301874891672068e-01 1.754588979587531627e-01 -3.695064631305802205e-01 -7.927787749539808027e-02 -3.337809743175190191e-01
-1.327083434050345123e-01 4.365965241806496477e-01 -4.865288612461341616e-02 7.027659018895557885e-01 -1.631253328511073769e-02 5.533283203132900452e-01 -4.142241712906933881e-01 6.984986147816648616e-01 -3.263627793872656002e-02 -3.229044367441011865e-01 -7.091270536088453147e-01 -2.373377262612566263e-01 1.471200481123596804e-01 -8.142999534107485671e-01 -1.890739935379692205e-01 -2.586870444429761884e-01
2.934049489980872227e-02 4.182767411500654120e-01 -6.124574560404841272e-02 7.468158426990016974e-01 -9.546702013290915556e-02 8.694304139540507403e-01 -7.872018498278632315e-02 5.930596388127324925e-01 5.550036785075222051e-02 -3.103448507473490214e-01 -6.138995119610892726e-01 -7.077415150271852695e-02 1.348467721280701415e-01 -7.490834554735016360e-01 -9.312705051178710169e-02 -2.700271257196129038e-01
2.512465708279610910e-01 4.286538250463342581e-01 6.322127582506581467e-02 6.998252473428583365e-01 -1.011251653396032096e-01 7.522286756688703058e-01 1.697997055961543988e-01 6.019710210677055029e-01 1.381461340548670869e-01 -3.326894503596368735e-01 -1.561965943716545846e+00 -7.003536035399977877e-02 -1.107305943582017303e-02 1.412574383391783095e-01 -5.148323663982733861e-02 -1.653877372245610711e-01
4.625128989280878344e-01 3.878399511647964704e-01 3.367254454187967316e-01 6.586838837003061720e-01 -1.197292275681682838e-01 3.360192800906402488e-01 2.557847313455459126e-01 7.627015707232394082e-01 1.342986506378883449e-01 -3.103474067312442797e-01 -1.674863261011408033e+00 -1.693336897384068451e-01 -1.569228334298780891e-01 2.942945186222270526e-01 4.514754362323285253e-02 -9.038144283038156146e-02
7.956798115282843753e-01 3.029049449063478394e-01 2.480058635454146510e-01 6.597494309428105774e-01 1.849699047154660381e-01 -8.077199815911575986e-02 1.270159135100863146e-01 6.093639613349828288e-01 4.800671470778879180e-02 -2.611927164692376957e-01 -1.211262136667477396e+00 -1.068688979868430838e-01 -2.220118699427648390e-01 -5.976547071471292882e-02 -2.755358606081726239e-02 2.175473019766013295e-03
4.463090287948660029e-01 2.468318239504185552e-01 2.298660425266998431e-01 6.384476177242009998e-01 6.121316297994628952e-01 3.532365896477252768e-04 1.553867030649767056e-01 5.400327068625855320e-01 4.051174833663901201e-03 -1.856619347289462096e-01 -1.036910108446909229e+00 6.554474898394634097e-02 -1.581557309454476035e-01 -1.635433775316928739e-01 -1.652647190362552254e-01 1.400323015958772621e-01
1.450287618742046869e-01 3.240882228253326169e-01 5.625149855635525747e-02 5.765817332537709339e-01 9.603638493723134495e-01 8.547318358469860322e-02 1.073078492116174010e-01 4.714281453747977135e-01 5.877012738257593460e-02 -2.314873572759438558e-01 -8.488211999201085156e-01 1.053510921330284428e-01 -1.342968850707286776e-01 -5.861953588968643603e-01 -1.268267300742925985e-01 1.770987761171514685e-01
-8.229627449345124079e-02 4.398866605012998754e-01 -2.394778220193593543e-01 6.255014042591880985e-01 9.331349288117704033e-01 -2.079659392525654016e-02 -2.633226731714010879e-02 5.792858852032927164e-01 1.989900267759738550e-01 -3.006595443078506902e-01 -8.099194088418933957e-01 4.718056778759712952e-03 -7.574433910442348455e-03 -6.599129513494040866e-01 -7.487682228999270780e-03 -4.564082434065619420e-02
-2.193609784199232193e-01 4.486600928888220818e-01 -2.013313583828297837e-01 8.581354728141314947e-01 5.721086678526408065e-01 -1.207354440754329905e-01 -2.448239342190852152e-01 7.908486313265296053e-01 1.965289225919797655e-01 -4.266168843002426381e-01 -1.174921219431470876e+00 -2.729385925504850263e-01 9.623847788314478235e-02 -2.441516832064095366e-01 1.487935327267805169e-02 -3.358422379363031895e-01
-2.711867942220639316e-01 5.727305706352648906e-01 -1.823831308228514025e-01 9.844906384386081788e-01 1.246989560011943776e-01 -4.612213032835312670e-02 -3.557785451261038512e-01 9.852161211133402263e-01 1.427103699553895488e-01 -4.562909150832667460e-01 -7.878883828539698930e-01 -3.979339327299976636e-01 2.407039251561353677e-01 -7.639926272115514783e-01 -3.240937783093527508e-02 -3.867465244728695017e-01
-9.987567530664506754e-02 5.066692457164391206e-01 -2.026322218783604967e-01 8.575444224638100188e-01 -5.670263507915829226e-02 3.537465964298497911e-01 -1.909261188394842934e-01 7.499951414191158294e-01 2.031512729548838048e-01 -3.964705159675900314e-01 -4.710140809911469995e-01 -2.211542541523961181e-01 3.824231133289204276e-01 -1.407123502919508606e+00 -1.038122375400271358e-01 -3.810797602579595877e-01
1.643495383296100509e-01 3.860543979755829969e-01 -2.189633203196852951e-01 8.304704830555882378e-01 -1.096515212020819502e-01 6.413385125033532752e-01 4.858234945916938691e-02 7.584468837400063501e-01 2.325010596630255055e-01 -3.422436618441937473e-01 -8.455204444479674786e-01 -1.248337484124171018e-02 4.683842220209205598e-01 -5.813000529127964056e-01 -1.420369680738840512e-01 -3.498412244966255802e-01
5.513244305363664832e-01 3.822976173302393699e-01 -1.253534293730584614e-01 6.097855420788702574e-01 -1.181804030928142457e-01 5.358764176858421546e-01 1.220485040835358193e-01 6.687749513227597697e-01 2.117440636309943780e-01 -3.103330953074905918e-01 -1.175257655608730856e+00 5.394302624097250393e-02 2.875814306908955342e-01 -5.049412549232925457e-02 -6.939423347194309533e-02 -2.159563226108864864e-01
8.979004345783615504e-01 3.871031526663225586e-01 5.850131093115738118e-02 5.975969968273806554e-01 -9.780842355341304306e-02 1.959228973323934864e-01 1.679841096379557919e-01 6.619080546404736420e-01 1.936872171488649985e-01 -3.039927767044596774e-01 -1.493157996055608505e+00 -2.015420520370386770e-02 7.708353993615680438e-03 6.199808794949441398e-02 5.432250836053119369e-02 -1.371762700519263967e-01
8.292335917898787656e-01 2.763936528200526821e-01 -4.515122541364312292e-02 6.383931041954205021e-01 2.011100197155755998e-01 -1.820468417316039866e-01 -5.105084948724830651e-02 6.432795370942719915e-01 -2.643063431972655919e-01 -1.792565910680652130e-01 -1.072574304474645857e+00 -1.283020743754604009e-01 -1.283813941184045182e-01 -9.942777983390599372e-02 1.294286247594248276e-02 -2.845368372579672178e-02
5.032403794216575577e-01 3.250040367281871734e-01 -3.979291442841063897e-02 6.327665423790790333e-01 5.061998215846273963e-01 -2.654302832693675521e-02 8.999948489210632396e-02 5.712234418195569763e-01 -2.554803752543446937e-01 -2.368255260360314918e-01 -1.173143519471369078e+00 5.928287850814669552e-03 -2.697334228600485329e-01 3.313751259729449516e-03 -7.348712643553097223e-02 4.553668808283904690e-02
1.811620531423189795e-01 4.386149469975664794e-01 -2.122004635806521433e-01 6.564658450415212787e-01 7.934117696537963393e-01 3.896811398365528090e-02 2.074082334625329815e-01 6.486285321768433532e-01 -9.266747806371666840e-02 -3.011686962639833487e-01 -7.896584815523652878e-01 -1.197688761332365952e-02 -3.086151737854360699e-01 -6.880558223508597138e-01 -6.082120394268959035e-02 5.691226289031748459e-02
-6.898087708746053481e-02 5.547608554262656311e-01 -3.750300207940747699e-01 8.179822433501967582e-01 6.865868360504043810e-01 -9.402903565498522964e-02 2.345584022784504008e-01 7.281534718799207440e-01 9.252460248326553616e-02 -4.106577713777703198e-01 -1.140040900498114018e+00 -5.621004348384361915e-02 -1.570332083974399218e-01 -4.866480587907449085e-01 -4.336834401514856607e-02 -1.281088500099925587e-01
-2.141520887882314705e-01 5.377986007396304835e-01 -3.106306029286009518e-01 1.082276371608970500e+00 3.330353272781143570e-01 -2.648200263292738166e-01 7.877468452056171633e-02 9.556059266211904824e-01 1.746237075615920120e-01 -4.892763221157847564e-01 -1.060398239896304107e+00 -2.904310357005336907e-01 -3.434375548811861856e-02 -6.496123306912151563e-01 -3.928072036108486847e-02 -3.416977605520458150e-01
-2.382427998433108984e-01 6.446026759944092355e-01 -1.907805537467618384e-01 9.977026572443423724e-01 -1.588365964121621690e-02 -2.867564127590376266e-01 -3.188638866953009965e-02 9.688637380424249823e-01 2.144263421317542939e-01 -5.411722773929705799e-01 -1.043797835551957265e+00 -4.041651964628510396e-01 2.531886406796395317e-01 -7.577700660023583001e-01 -2.924830542601683861e-02 -3.783094188500735200e-01
-7.489455633719772909e-02 5.588346339845866595e-01 -1.266529598741927554e-01 9.078122427122267135e-01 -1.109270470622992638e-01 -1.672146328884905470e-02 -1.934017723492569008e-02 8.322010231973889782e-01 2.496122251821236704e-01 -4.508783735299590756e-01 -6.180859331880161900e-01 -2.705908959925847346e-01 5.189038866629602786e-01 -1.157989332752699996e+00 -1.331850391615986839e-01 -2.612074186398157249e-01
1.826192563828881454e-01 4.383730447567273925e-01 -2.055363604128123134e-01 8.134676861710594675e-01 -1.619740602791537032e-01 2.906394484313278848e-01 1.189512965110105930e-01 7.359952936346539909e-01 2.451768734948215622e-01 -3.311949460112707522e-01 -5.750367894464322172e-01 -5.580023596033396177e-02 6.373599050958641543e-01 -9.653484938268146465e-01 -1.006087951623215460e-01 -1.610722322841721399e-01
6.809179657502831828e-01 3.213533620408605684e-01 -1.789281170081562511e-01 5.653625455228064034e-01 -1.031983964267413484e-01 2.601798467367180123e-01 7.728762870063005108e-02 6.178535162457691188e-01 1.540882198866611041e-01 -2.268370297927753410e-01 -5.180388543082194985e-01 8.832853599761186780e-02 5.073451803148348871e-01 -8.446959165614732479e-01 -2.535894627759744530e-02 -9.462347409712366930e-02
1.005143153883568674e+00 3.332002046416125962e-01 -1.112612546578538586e-01 6.841903520315197884e-01 -1.039164669287987453e-01 -5.229537286390988082e-02 -3.538814178730390753e-02 5.777095666027219911e-01 -5.056820935644143478e-02 -2.098259069586488612e-01 -1.252462041147577088e+00 -3.763552390613378318e-02 1.416161798893012524e-01 -1.453341801051702686e-01 8.972585678236642825e-02 -1.117580843436278559e-01
5.888098618797042993e-01 1.796887283413729497e-01 -1.621415056188391796e-02 7.107241244681791192e-01 4.715131001932697241e-02 -2.071617845384660928e-01 -9.383344232993015566e-02 4.260239413633418182e-01 -6.628320614416380874e-01 -2.047034541748836145e-01 -7.760861402279841670e-01 -1.300196226420491374e-01 8.358925942907674544e-02 -6.015570620670358526e-01 -1.435902916102158901e-02 5.870805940848350390e-03
2.691695135024250729e-01 3.723708269322511533e-01 -6.351786874957830731e-02 7.497202857933717990e-01 2.614152484996002945e-01 -9.033157665233745859e-02 8.231347491817930795e-02 5.893068238467795705e-01 -6.841902181346682932e-01 -2.547909672762596611e-01 -7.781172324811789220e-01 -1.193815677170603079e-01 -2.093273767116488326e-01 -7.254730650493873556e-01 -1.330498833136153358e-01 -5.574543791362882722e-02
4.475996830941247201e-02 4.029457469434993278e-01 -2.601579261078783012e-01 8.510245773114646362e-01 3.714787867795624199e-01 -3.356851398882378101e-02 2.409449178998097629e-01 7.036012653038827835e-01 -4.508360247843608559e-01 -3.699244957064765082e-01 -6.676294165513748657e-01 -1.724926368358761092e-02 -3.321356726914421187e-01 -8.354378693249677745e-01 -1.288873124537982806e-01 -9.415864523895578486e-02
-1.151251026025300467e-01 5.885506967089132457e-01 -4.550784316177771127e-01 1.020289492246373886e+00 2.870917797571507779e-01 -2.169416544215933551e-01 3.205189099259185825e-01 8.569852260287936785e-01 -6.460416219262050952e-02 -5.038068363145342676e-01 -7.759930937248284977e-01 -5.563092826034821831e-02 -3.182900063071421037e-01 -9.046085252508631047e-01 -6.112835363148261258e-02 -2.529514322948641647e-01
-2.008104132578610590e-01 6.525936148684545746e-01 -2.777255838821125478e-01 1.239188317785382187e+00 2.219417584699109880e-02 -3.889204954907947154e-01 3.049216587930150268e-01 1.085538519284972026e+00 1.426188407300098826e-01 -5.607115956603865303e-01 -7.418240544622687338e-01 -2.577343731042949782e-01 -1.355928465436593844e-01 -1.118776585313085548e+00 -7.531596623697410509e-02 -2.654203182118325954e-01
-2.349469639649945651e-01 6.937463689034080172e-01 -1.225200592092998003e-01 1.224771208466832961e+00 -2.179041411273279494e-01 -4.668691761596568401e-01 2.738023311613347888e-01 1.036394318551298044e+00 2.663362813389571482e-01 -6.102465969866371909e-01 -1.039308560002245363e+00 -3.921104609860399104e-01 1.721638034792177530e-01 -9.438055201623914980e-01 -1.667172642283306638e-01 -1.545885952350119219e-01
-1.621035033318954377e-01 5.518698834030103528e-01 -8.187285319565693054e-02 1.023489279093858784e+00 -1.985459830243775370e-01 -2.254677982235132327e-01 2.231436090586897680e-01 7.814083266675737605e-01 1.834058343230230981e-01 -5.065603065535473348e-01 -9.531735664353333526e-01 -2.351898597534903546e-01 5.144236180919868895e-01 -9.320040546435410800e-01 -2.464530715090637591e-01 5.795566926821996145e-02
9.489362259174521919e-02 4.182547417019114033e-01 -4.916447502119179747e-02 7.339973491356599489e-01 -1.115902771297155455e-01 6.723474476261348531e-02 1.772167037895781005e-01 5.928473500579366506e-01 5.908411294697905186e-02 -3.037142245758100434e-01 -7.069971697733375970e-01 -7.013343967658589029e-02 6.814813382506365036e-01 -8.102805210852039863e-01 -1.800957924142991551e-01 1.902081813188701287e-01
4.152855611399022262e-01 2.513988521705612933e-01 -6.671702730736850384e-02 6.209804209004120557e-01 -9.353269727211060980e-02 1.884140529917146742e-02 8.530757486427550940e-02 4.832144769695437825e-01 -1.910761726945844063e-01 -2.404430622068118861e-01 -3.471585548040254099e-01 -3.703637210363148330e-02 6.719848899156978250e-01 -9.387504071329567656e-01 -1.835678173880990124e-02 1.441095044396515645e-01
6.259617479075749724e-01 1.630027217852401400e-01 -5.857344385861317643e-02 6.025470748333340287e-01 -7.147250110789712951e-02 -1.538061882933234592e-01 -1.041652324445108552e-01 4.781276749509428825e-01 -4.332941380438071199e-01 -1.892092648811654343e-01 -6.755036888488383795e-01 -6.674760957596433120e-02 3.865000174070761796e-01 -5.751333210658949868e-01 5.115857332985979111e-02 6.817512350916647701e-02
1.650024052730612312e-01 2.306776002534044190e-01 3.561706635915367486e-02 6.008604788290295984e-01 -1.472069043793379668e-02 -1.478232460780958823e-01 -7.491054961772646015e-02 4.290407102189635613e-01 -9.404720598910305540e-01 -2.009705286263364921e-01 -1.291830424592014026e+00 -6.621572392294826359e-02 1.839628414466567830e-01 1.216761557141216553e-02 2.912373392492488902e-02 -2.916086952741316768e-02
-1.096477255972238135e-01 3.429763667051167753e-01 -2.270412656352699746e-02 7.400070429292088248e-01 -3.810633564889027297e-02 3.395763803992837837e-02 3.611021519789024692e-02 5.900941676261378666e-01 -1.000584040943348185e+00 -2.606710476773613228e-01 -1.187530564009461997e+00 4.275594681249192397e-02 -9.764068378490614597e-02 -2.685435650370177063e-01 -1.550938322952056803e-01 -1.503990609025128988e-01
-1.669747892357571484e-01 4.681660887190009501e-01 -2.233204024201965454e-01 9.363547974145521868e-01 4.928942639305228246e-02 4.923519263651435912e-02 2.408232102236186889e-01 7.100909229881734452e-01 -6.619862349076732766e-01 -3.838551395971699365e-01 -7.052838680317702336e-01 1.771394161668986000e-01 -2.881279108946301903e-01 -1.170475071530948208e+00 -2.537087429970797392e-01 -1.769507174804441640e-01
-1.584873250746202944e-01 4.983157237385185678e-01 -3.242394608732110384e-01 1.121265669542337307e+00 2.507645889038122820e-03 -1.452731123727120099e-01 2.842937400956089267e-01 9.023011011989540142e-01 -2.088018518876688101e-01 -4.721457683747604106e-01 -4.138454692567288262e-01 1.768115087125310403e-01 -2.990043730647188869e-01 -1.521126090558774457e+00 -2.030166195534810758e-01 -1.678564623611637496e-01
-1.335263273640535653e-01 6.104337115624175469e-01 -2.597835591256201782e-01 1.252130088661841611e+00 -2.341112937860008736e-01 -3.682770047393564838e-01 2.638928096630605014e-01 1.122941297676659955e+00 1.119650729347201612e-01 -5.554948760447760980e-01 -6.688038952319532715e-01 -2.385514829384663416e-02 -2.417909323870622851e-01 -1.214150976130029758e+00 -2.002194028744867516e-01 -9.060796235844596758e-02
-2.131943276559177258e-01 7.077020725852255500e-01 -1.665099462354589221e-01 1.045835277051833323e+00 -3.317158051165546850e-01 -4.400975454348065585e-01 3.062762298875230660e-01 1.049322194291502974e+00 1.744527125082949714e-01 -5.952416484792035778e-01 -6.553860058460745375e-01 -2.210404035063814887e-01 1.326991480438659103e-02 -1.221476178161658543e+00 -2.509763253592025012e-01 1.557066377269524793e-01
-2.199266448525893369e-01 5.358607605421376041e-01 -6.228231498050640531e-03 1.000741436928537231e+00 -2.040942289440229873e-01 -2.458029088285384745e-01 3.395199008370317073e-01 7.740019236522132084e-01 1.417807650582107448e-01 -4.624091717147801317e-01 -7.631002097464224532e-01 -1.622204338145040725e-01 3.479989857303107392e-01 -1.077284373903042880e+00 -3.062245362648377545e-01 4.644161029937202145e-01
-8.925228115550400132e-02 3.899195353757619609e-01 2.333353130553377994e-02 6.729978616333326391e-01 -5.671947661043003075e-02 -3.914232089649944540e-02 1.932938926781040123e-01 6.204461465047950153e-01 -2.228575564516361782e-02 -3.145309596164248545e-01 -5.778326424712358911e-01 -4.681221155499881714e-02 6.162908409736596038e-01 -7.691771050756989192e-01 -1.732962034902363058e-01 5.962206291781980694e-01
1.195610408252102963e-01 1.498577292522337012e-01 2.243470264776929127e-03 5.951455730830523816e-01 -7.974136424884363528e-03 -8.056244741153229666e-04 3.492986438376218666e-02 4.381799422310802550e-01 -3.013699556589385931e-01 -2.224624922725838283e-01 -2.633014406525797102e-01 -3.423972134993362448e-02 7.157125754497910552e-01 -9.955587036623669839e-01 4.262380268447062831e-02 4.891518870336964420e-01
2.192920828847939596e-01 8.953913260197191026e-02 4.922029523882284763e-02 5.539456422311912487e-01 1.478933418980752160e-02 -1.535357639570611998e-01 -7.209729848641520389e-02 5.522024506046526726e-01 -6.129672479075433111e-01 -1.522695087684604598e-01 -7.170334568383697205e-01 -6.594511465286626017e-02 5.430366395429337967e-01 -5.336268333673609421e-01 1.438315943574385580e-01 2.347679350821348654e-01
-9.257756374994860482e-02 1.770417238719453612e-01 3.645053799715151227e-02 5.819058165015936757e-01 -4.387555318883104571e-02 -5.389471525341565927e-02 -4.779735024220389122e-02 4.646815412710490478e-01 -7.569785974438845155e-01 -1.947403780123307115e-01 -1.368718427455232201e+00 1.025019037237798331e-01 2.059259014780957797e-01 1.055603344551920009e-01 3.332596326774009410e-01 4.011259050573974527e-02
-2.776437492012029384e-01 3.419867976837726586e-01 9.367511960461262629e-04 6.920038146769060816e-01 -1.353931415613693623e-01 3.531394154775836097e-02 4.825545912222158756e-02 5.948191953213087801e-01 -8.341616193049402606e-01 -2.678008213736367549e-01 -5.836111645416219851e-01 3.364822248112850911e-01 -8.765635595393190399e-03 -6.414656793994658601e-01 8.639417978119913466e-02 -1.624462187377339328e-01
-2.359266964285514634e-01 3.685801634588273257e-01 -1.553892016555631084e-01 8.147701387375232418e-01 -1.135895973716603558e-01 1.592942222469204694e-01 2.024565213004834441e-01 7.189370974843960482e-01 -6.002303955535825963e-01 -3.346973576120234051e-01 -3.862237844234108208e-01 5.208793216690098538e-01 -1.434496219640115922e-01 -1.171436109165091999e+00 -1.172444841350702288e-01 -1.966881834063611556e-01
-1.402891711010373077e-01 4.426598123769390769e-01 -2.792377988870436423e-01 1.065656125028854984e+00 -1.912467577015510289e-01 3.160000090748682489e-03 2.755474976406281362e-01 8.814507878430858367e-01 -1.193080409936817660e-01 -4.351736580320896275e-01 -3.824352275217030028e-01 5.570581388729035632e-01 -2.754093247996290406e-01 -1.589288865994970434e+00 -2.161411002988660179e-01 -1.100179825426005759e-01
-2.579339882995254629e-02 5.164561727939843694e-01 -2.475468588215158638e-01 1.103432096018842845e+00 -3.320097705527411125e-01 -1.905207872649244683e-01 1.921768759640361535e-01 1.004589442423301060e+00 1.027259150545386523e-01 -4.538965260729611040e-01 -5.533090645424120213e-01 2.802665131503086493e-01 -3.269955944052881369e-01 -1.207197619672760958e+00 -2.374105203392746499e-01 9.753531331402685856e-02
-1.406444323749280190e-01 5.989635566791948751e-01 -1.358524283149135925e-01 9.464945997850974235e-01 -3.055730953428997254e-01 -2.707114106808623522e-01 1.136184935215142910e-01 9.758942143149879067e-01 1.295526856188193299e-01 -4.772862924123121853e-01 -5.659690504546109890e-01 1.290106242056378479e-02 -1.801877508394161276e-01 -1.225054053478335181e+00 -2.553504931075843976e-01 4.396273362654242178e-01
-1.512471871826965020e-01 4.633651621072104598e-01 -6.090814531915006436e-02 7.736396414177385550e-01 -1.546493777992306584e-01 -1.251840508631346660e-01 1.803197182481282301e-01 8.213242539658770491e-01 1.025732858801080005e-01 -3.726300367115404910e-01 -3.658163961643340900e-01 -4.173068649055771545e-02 8.799532563891883374e-02 -1.141752414579715547e+00 -1.970699711515550845e-01 7.246060262452710399e-01
-1.479685559155782260e-01 3.002685096041963209e-01 -4.781727746428030695e-02 7.051776822012572055e-01 6.235330914497894117e-02 5.136875277310534726e-02 1.389713535181875403e-01 5.717167450340424617e-01 -1.342442502011515805e-02 -2.307191784520598032e-01 -3.414912002326639939e-01 2.079255381955636209e-02 3.800781929379960511e-01 -1.109828085566007871e+00 -3.706701240278925669e-02 8.296514998652465556e-01
-4.396535946164888131e-02 2.429917704407865697e-01 -4.725127895970566289e-02 4.759511452001591314e-01 7.617165634684172626e-02 4.194911477932406624e-02 8.804072693917129599e-02 5.002117765299639585e-01 -2.332894839368008510e-01 -1.127665043143869228e-01 -2.818259399816325228e-01 -2.448174218170246635e-02 4.878462428163473641e-01 -8.691397200068863294e-01 3.261175967446071078e-01 5.903049366911591322e-01
-3.936263042421996733e-02 1.711040341363207207e-01 2.055450475441194733e-02 4.881447066097423515e-01 9.743911249864944946e-02 -1.279770572423484000e-02 -2.296395735356546869e-02 4.416729869657341490e-01 -4.366656141231799459e-01 -1.336725510907764980e-01 -3.931982828085364701e-01 4.775893895265061195e-02 4.157059688094590921e-01 -7.710224763738576792e-01 5.120328537425625770e-01 2.883662085303886347e-01
-1.474302307036857718e-01 2.766311688992001416e-01 4.165676543466944465e-02 6.162554527245576175e-01 -3.243012158068715733e-02 -9.594755321725087494e-02 5.995150928360559045e-02 5.985218040625909230e-01 -2.620343055762689999e-01 -2.091163700711934914e-01 -1.100217145968464427e+00 2.295003377718374815e-01 1.602280781745639149e-01 -1.033916614544130169e-01 7.522231191349068036e-01 -1.415461404312164384e-01
-1.883689745964075291e-01 3.454589573050621532e-01 1.938383158032553136e-02 6.138866918740020218e-01 -7.991036073225218916e-02 1.810387964954673218e-02 6.916330842952621294e-02 6.045962801300487355e-01 -3.707264814767902150e-01 -2.576286101232499459e-01 -7.179490634094003454e-01 5.037171960989328401e-01 5.567191740017898849e-02 -6.214110318117499476e-01 3.800501121508705893e-01 -2.438215925152170949e-01
-1.167206682103493348e-01 3.143235569737127810e-01 -7.086693183110515104e-02 7.359640016751413105e-01 -1.402467993371627197e-01 1.411154032751147092e-01 9.271490879860687373e-02 7.426878697316416922e-01 -1.962959241483979433e-01 -2.942999159991246394e-01 -2.650529663264933888e-01 7.880905617573203958e-01 1.077675517174690170e-03 -1.047790127618301037e+00 8.935243583073901319e-02 -2.201370137059528165e-01
-2.095969884919834589e-02 4.452321702551617078e-01 -2.219580010928451919e-01 9.431394691355079463e-01 -2.508243928493946728e-01 5.763289217192935771e-02 2.684584221904923185e-02 8.028900593774237482e-01 1.117210690085746888e-01 -3.710880574761177830e-01 -3.507469943619573871e-01 8.644192192003694597e-01 -1.375528123775715816e-01 -1.187043671799046463e+00 -1.313095451251273249e-01 -3.431580122361853769e-03
7.518784762536857846e-02 4.415297846998462172e-01 -1.806847288047918609e-01 8.777487552845993912e-01 -3.344340519659672606e-01 -1.805316416757176134e-01 -1.821238600327144685e-01 7.564162936029619200e-01 1.849316360335632459e-01 -4.309193021440902438e-01 -3.636484771520436254e-01 5.196294888229339159e-01 -2.901408029988149506e-01 -1.310022810786570790e+00 -1.422895316523531406e-01 2.262219062480874399e-01
6.454075375341171428e-02 4.658012779124695024e-01 -1.533448660610001457e-01 7.508206691257777177e-01 -3.126647106243490848e-01 -1.837946188650464441e-01 -2.642531868909331894e-01 6.729476968208211174e-01 1.751353745631528680e-01 -4.184099613053051669e-01 -4.606648222077629473e-01 1.547748682111712015e-01 -3.112267470672088199e-01 -1.257539207656330982e+00 -1.140378883091339030e-01 4.839203335279665952e-01
-4.137150550286985279e-02 3.631133652283490831e-01 -8.395093297709164959e-02 7.361094710428011112e-01 -1.268556555060527391e-01 -4.972739032819779165e-02 -1.168306205962412886e-01 7.061252503797936786e-01 7.036392109488087687e-02 -3.462973681866542419e-01 -2.286500562070367948e-01 4.159902966738110441e-02 -1.770220544402868745e-01 -1.287489867397362930e+00 -9.113181714400128697e-02 7.460483712058691985e-01
-8.526941306048815838e-02 2.605216509937022806e-01 -1.596185342712482524e-01 6.064422948419723181e-01 1.067285770706823261e-01 1.484312163156320252e-01 -5.987494290029243826e-02 5.454202003561255951e-01 7.985619970565190073e-02 -2.422391862104498472e-01 -3.302877352269122935e-01 -2.707936608169088030e-02 9.326116556781683872e-03 -9.774353223299085958e-01 2.646597086437747492e-01 8.111574269428141193e-01
-8.104563519491891910e-02 1.917112071476942958e-01 -1.633504645659512589e-01 5.311800612827226598e-01 1.666302627815354764e-01 1.039155644024520458e-01 8.320689123820850311e-03 4.083023522346452272e-01 -5.278694447138838550e-03 -1.841573273444810088e-01 -2.737107263251797318e-01 -2.632782627495466529e-02 1.381064224873312096e-01 -9.167646208553837939e-01 6.551212708593820988e-01 5.736807400388209688e-01
-3.267464326503664862e-02 3.018123115256359790e-01 -9.954439738702167140e-02 5.976660303714150801e-01 1.044826242233251185e-01 -9.913352464645509843e-02 6.012503586733539823e-02 4.380709044395014740e-01 -9.805841742401587291e-02 -1.608174774867366652e-01 -9.074336644910110383e-01 2.547836011879905244e-02 1.921968717565377405e-01 -4.648133255432353450e-01 9.296736149456062970e-01 1.510220955600026227e-01
-9.424420585363840752e-02 3.551266157241386723e-01 2.145949098755975670e-01 7.161411078106875161e-01 -1.719450801733867495e-01 -1.167439133341568319e-01 1.517475760069803836e-01 7.171931369696857850e-01 3.777677049566337264e-02 -2.778303260492615556e-01 -1.482676848493645894e+00 9.832097411857461389e-02 -3.000710228370909519e-02 6.554237049901485979e-02 8.240028746162644246e-01 -2.579976703195108745e-01
-1.561991254651837469e-01 3.042140208044215588e-01 3.479141040391796613e-01 7.107287370951583805e-01 -4.448641928100008358e-02 -4.320838526717327849e-02 1.223233890798093165e-01 6.559147091908403837e-01 1.033209819538118482e-02 -2.440566324290456834e-01 -1.467544684816254774e+00 4.541220488717074844e-01 1.130070730053879119e-01 6.084992284373572785e-02 4.725501272815682552e-01 -2.246282977781048629e-01
-7.699058839005140653e-02 2.916679990896844377e-01 2.417708537759767629e-01 6.932048166846277448e-01 -2.828640061405298181e-02 5.488022221792598215e-02 4.902188311592377973e-02 5.919422588580890432e-01 1.047941764023710837e-01 -2.607563549732987984e-01 -7.405651529015503387e-01 7.979647768802503593e-01 1.221346239182519583e-01 -5.738678916882758996e-01 1.450340818020421640e-01 -1.912269382606656687e-01
9.555697903579955799e-02 3.773552742271571447e-01 2.985347923755267419e-02 6.777283166742020803e-01 -9.648125728008133395e-02 -5.450934481656199461e-03 -2.458317130843777898e-01 6.688067166128592866e-01 2.603009626650804598e-01 -2.391819364294822392e-01 -5.512343373365593546e-01 8.395211950433209003e-01 -3.914190603451802447e-02 -9.207012875242425176e-01 -3.223715983268118923e-02 -6.536140394918241517e-03
1.967244185550527935e-01 3.554378080463442280e-01 -5.668437817278777768e-02 7.186892997480253120e-01 -2.696126006783267082e-01 -2.304878966529647077e-01 -5.269119055448928668e-01 6.416454434935483508e-01 1.927723542337895224e-01 -3.408257003730136292e-01 -4.629966985630001863e-01 5.121634349789393470e-01 -2.127875663589900435e-01 -1.045812760521205309e+00 -5.674059168186171113e-03 1.407917908746331992e-01
2.022582363501219394e-01 4.723579439233241417e-01 -6.625802358929494540e-02 6.779071558392281149e-01 -3.016293200565053900e-01 -2.099068043617370316e-01 -6.180061421065399241e-01 6.163394971994128335e-01 1.183349183835670088e-01 -3.423315173405829248e-01 -5.136616782548216742e-01 7.417201841999615519e-02 -3.102146744034363635e-01 -1.093949376294826914e+00 -1.214925952342176853e-03 3.614376809855397443e-01
4.718480492893451644e-02 3.819832753145038229e-01 -9.430960950952953226e-02 6.889561441939232589e-01 -1.738552248602991956e-01 1.055887130030281895e-01 -4.388747245521767426e-01 6.160884850888670439e-01 3.910732741161836862e-02 -2.681325037489619145e-01 -3.152947799989721522e-01 -9.587189494572694037e-02 -3.251279903687491757e-01 -1.295719735170373088e+00 6.759779283114898674e-02 5.492545631395038264e-01
-7.559909839093922890e-02 2.598949919919487095e-01 -1.403744559491871269e-01 6.655340621488848862e-01 4.689010309998805498e-02 3.609412311967485909e-01 -1.915608249016088338e-01 5.716109779166645977e-01 5.637036250684839683e-02 -2.213511960702115033e-01 -3.165735898222830080e-01 -1.467118152067775905e-01 -2.916401756521082023e-01 -1.211071899664739382e+00 3.109982930022878733e-01 6.044144452910864551e-01
-5.652106158426753457e-02 2.138028849614580507e-01 -1.655967253136078898e-01 6.162232165528088723e-01 1.040079823713895152e-01 2.864992319866210835e-01 -5.885114875514427940e-02 5.485144196376806613e-01 7.620105635455341753e-02 -2.131003193337084878e-01 -7.336803248684469203e-01 -1.698827659312020788e-01 -2.044839630754553272e-01 -6.788131619725706889e-01 7.413796552039101373e-01 4.177715961716671478e-01
-5.280670923641185566e-02 3.464847209986765542e-01 -3.441381934020004436e-03 6.904502835955422801e-01 -4.421230158491089995e-02 -3.414756735564150624e-04 8.099941918181675915e-02 6.508668753547302011e-01 1.516722775817955227e-01 -2.997666691209124323e-01 -9.944019576085775247e-01 -1.211677283570735675e-01 -1.618895299957875678e-01 -2.668820702824197810e-01 1.094109754861993578e+00 -3.098914785366737104e-02
-3.597312528535363124e-02 4.742491831533041657e-01 5.918291973794579386e-01 6.742483393850684514e-01 -2.129613857158655643e-01 -8.658073343345578168e-03 2.395753703652863664e-01 7.018243003942581382e-01 6.958407816500865317e-02 -3.093609133468720462e-01 -1.347430226399067399e+00 -1.205438418062904637e-01 -1.622712511953590675e-01 -8.046585429401166556e-02 5.233377141543945621e-01 -1.791980334734208369e-01
-1.290208378520856236e-01 4.035112365761360786e-01 6.926840190831626831e-01 6.391196996924198848e-01 -3.293631977999305488e-02 -7.196727218911681823e-02 1.910983587380733484e-01 6.574609044332708763e-01 9.637750732256573916e-02 -2.563484765247671104e-01 -1.181241417052698361e+00 2.215720047954060634e-01 3.793620441559278876e-03 -2.474975180293446375e-01 2.541232155100846546e-01 -1.696524773633556749e-01
-8.360463092400409468e-02 3.189078334609978804e-01 5.725840651674388715e-01 5.469565041246358117e-01 7.190617671303732583e-02 -5.026297580731189235e-02 -9.333732507218965579e-02 5.157515254500227853e-01 9.656603606467777101e-02 -2.144250071126869162e-01 -1.166283217470464928e+00 5.604001260415117924e-01 9.584694797974822877e-02 -9.070956299308509385e-02 5.269923661535037829e-02 -8.703959047473028288e-02
5.416825454108578630e-02 3.332491187202645810e-01 2.453978291917993382e-01 5.680549684048703529e-01 1.160988831375112107e-01 -1.192143823921727880e-01 -3.896416530906210984e-01 5.529419450876084108e-01 2.342307660034286254e-01 -2.822637017839002560e-01 -1.353392962159486235e+00 5.943755009266281641e-01 6.324503971038922256e-02 8.068568256501827685e-02 -2.240001880570519424e-02 -2.702899920102348752e-02
1.098700097781969837e-01 3.594849733290481630e-01 1.233283143417031880e-01 6.595162504843326001e-01 -8.321616999027511841e-02 -2.582821052972510967e-01 -7.192283658079212660e-01 6.226568895810264959e-01 1.581070192773543215e-01 -3.305579397674171527e-01 -1.283832120265373966e+00 2.776066334858612317e-01 -7.715416196346880362e-02 2.922469880969729913e-02 1.857644350162414651e-02 2.775585810130133668e-02
7.875411344368234146e-02 4.068847898195307455e-01 8.745599198835474208e-02 7.226316435265862648e-01 -2.076182142479398862e-01 -1.231596578821225335e-01 -8.272593033613113711e-01 6.265728843845123075e-01 -1.955883231704416692e-02 -3.338431561477270826e-01 -1.088691164090804797e+00 -9.388971141014519628e-02 -2.556314393941894747e-01 -3.512704265507473611e-01 8.320417763514782739e-03 1.342062947310417864e-01
-7.341163056413366542e-03 3.857137024596779540e-01 3.772948244521501932e-02 6.886991078588069470e-01 -2.211817850297193855e-01 3.313934172969753567e-01 -5.911481725581834157e-01 6.076622651116778684e-01 -7.091791925176113565e-02 -2.926420520119479285e-01 -4.352950117033889121e-01 -2.204952817468986692e-01 -3.635362442311222408e-01 -1.180519327216692727e+00 -6.608941315934825644e-02 2.745821403358926771e-01
-1.208293486736444211e-01 2.849973342478308025e-01 -5.126709259193885926e-02 7.497143153212878497e-01 -6.636262212938974503e-02 6.518021184944283730e-01 -2.423021661773900881e-01 6.061644026595424117e-01 -4.953424743365016786e-02 -2.419909654582405312e-01 -4.148482997666819716e-01 -2.294113363267094308e-01 -3.447933803736606961e-01 -1.185207597811045455e+00 1.290550449554408730e-01 3.215923019284750994e-01
-1.605848966717697002e-01 2.922655490013724155e-01 7.100715694737998185e-02 6.821509213844335617e-01 1.083655021270915619e-02 4.985882340473283825e-01 2.612949993178865799e-03 5.825683331981343915e-01 3.076789172304309622e-03 -2.317706073505820252e-01 -1.487289351200785870e+00 -2.535209292858085495e-01 -2.997699696449558360e-01 -1.458433062686260717e-01 4.065213536773224501e-01 2.189083740501712727e-01
-2.824590430192302007e-02 4.044340975083332568e-01 3.348410134301436081e-01 7.434093742980403263e-01 -1.621480728367454549e-01 1.748092762750080575e-01 1.856527946015181507e-01 6.547270926247785727e-01 6.001666267100533303e-02 -3.117390761812028344e-01 -1.451738536611005381e+00 -2.962844995247828073e-01 -2.388087335783270759e-01 -1.627166095697973602e-01 6.417463922342580007e-01 -2.168604169994543807e-02
5.965440055909145695e-02 4.321949223210383439e-01 8.976755107176267456e-01 7.899958214094220388e-01 -1.835633704385072340e-01 2.944509377801700703e-02 3.139425269011777986e-01 7.464009127495389029e-01 -8.804069259340841641e-03 -3.878077390458233298e-01 -1.529279219444891647e+00 -2.720506767733684717e-01 -2.184896047125828300e-01 4.694300479710081936e-02 8.340198223192533955e-02 -4.229337080128673515e-02
-9.889460293608272334e-02 3.719895674031458155e-01 1.003495275044633983e+00 6.952694315780022505e-01 8.772979857804849568e-02 -1.018071487614090470e-01 1.934871207395113535e-01 7.104790419703986837e-01 -2.909629557550391654e-02 -3.406419003933136014e-01 -1.203996096126107807e+00 -1.269592292523339348e-02 -6.278776250710341178e-02 -2.255760165281181229e-01 -1.183544785051893894e-01 -3.917169857177398712e-02
-1.411587770896075567e-01 2.817098436003481754e-01 7.638279969776515799e-01 5.196343425500525859e-01 3.629460366042287500e-01 -4.859237058330764109e-02 -8.939698484676293633e-02 5.886795790467295175e-01 1.030058426562797530e-01 -2.379637658687376589e-01 -8.209027102873074355e-01 2.709675557503561927e-01 1.390851920562301836e-01 -3.628783974179474736e-01 -1.070924107364102651e-01 2.698895451878400090e-02
-7.353579048091817005e-02 3.071917393490323778e-01 3.944296247418930812e-01 4.723086958812217073e-01 4.202444236181560600e-01 -1.382265646847308516e-01 -4.882234609579882978e-01 6.079589607084432412e-01 1.314492988794897788e-01 -2.418914409088204487e-01 -1.414702132692198022e+00 2.994552912669655731e-01 1.672624862041927341e-01 3.684894958589865488e-01 -5.506961961682405732e-02 -3.440372567181696623e-02
-6.871248314977308758e-02 3.299869683813125287e-01 2.039741622681595645e-01 6.049809428194513616e-01 1.987313933706841285e-01 -1.781491782293087578e-01 -7.807127434479808059e-01 5.978463604263046793e-01 3.732106441780973921e-02 -2.636387524506502156e-01 -1.445120901440763772e+00 8.526196466544745667e-02 1.670021425535183346e-01 9.241722968563446938e-02 -4.091404137665242968e-02 -1.347930613867875660e-01
-1.297889475959626282e-01 3.959354385268041843e-01 1.083986563428776528e-01 7.341753187705734041e-01 -4.101461043639605814e-02 2.508501079471507286e-02 -8.749605196977200405e-01 6.648982428025925762e-01 -7.171505872520400615e-02 -3.638581333304247711e-01 -1.059484657527628659e+00 -1.896923127123089081e-01 1.692456787412156827e-02 -1.310006165401830791e-01 -1.124809013222773518e-01 -1.786745676459481069e-01
-1.132734442758817489e-01 4.518139509775062623e-01 5.595075894399097888e-02 6.645645261301845741e-01 -9.715164614822097144e-02 5.001683548973043791e-01 -6.085127546815809474e-01 7.136727463210091882e-01 -8.293513089259846316e-02 -2.709339111597513505e-01 -6.915825986629766664e-01 -2.033623432631986305e-01 -1.154162042528666804e-01 -6.992144252983504282e-01 -1.874561796688593573e-01 -3.005801141774058077e-02
-1.366953470281751237e-01 3.354653747683826182e-01 -8.927600574113080806e-03 7.932112890634923641e-01 -9.522868498674583182e-02 8.311235231967195602e-01 -1.917214619363301897e-01 5.464445271213677069e-01 -8.893141082166414191e-02 -2.963597575471098033e-01 -7.042449373316967964e-01 -2.102929649246279009e-01 -2.001017045340607869e-01 -8.231153412253988666e-01 -9.689915712550856153e-02 7.830217726600049652e-03
-4.565605449625984719e-02 3.801621716915513649e-01 2.078077548859872947e-01 6.830216670447244454e-01 -1.001491583734195057e-01 7.419261721663643616e-01 1.416758689628599965e-01 5.840908448749831949e-01 -2.023597426803137866e-02 -2.914455828680511673e-01 -1.548537814655638334e+00 -1.999704280623333386e-01 -2.085761301058371153e-01 6.218840908859464556e-02 2.606368559253240125e-02 8.316266741549849240e-02
7.212266343010291514e-02 4.261237846223924763e-01 4.988827413207542194e-01 7.305253355794423253e-01 -1.966243390040674222e-01 3.791705855218358012e-01 2.426189959291406573e-01 7.561383252158658808e-01 5.753547962626438805e-02 -3.068149002417904225e-01 -1.763195444709810600e+00 -2.780271623898765143e-01 -1.982536382362632965e-01 2.793684731676388533e-01 1.835580973897373569e-01 -3.768974484696571009e-02
