-1.492933612534514687e+01
-5.026649105454817246e+00
-6.689566609484442594e+00
-9.143735437076715655e+00
-1.325938968456187617e+01
-8.487444193077953614e+00
-4.177037715781866112e+00
-5.034723329255992752e+00
-6.239662622490913080e+00
2.000652048297339558e+00
-5.123829575577092399e+00
-6.892832828477151175e-01
-2.927686449793985624e+00
-5.050158123195023663e+00
-1.045192678644756867e+01
-4.774017956317974765e+00
-6.166964441338890879e+00
-1.006334819862822449e+01
-1.070292191182024766e+01
-7.246038090315892077e+00
