6.910192541843608538e+00 5.282548929076142485e+00 2.596495110486216618e+00 -4.997363319504819934e+00 2.412583808328114365e+00 3.430606687089315265e+00 7.455443175632199271e-01 4.756376558449853853e+00 -3.966462328427229789e+00 1.651448946856586497e+00
-8.471011744024670165e-01 8.819864611343662730e+00 -2.457312041438374006e+00 1.661134080701109905e+00 -1.652230798657671418e+00 -1.630098443316343015e+00 2.909914838628038680e+00 8.810886112214906529e-02 2.250228080220609161e+00 -1.695022275161465419e+00
6.658971688527512423e-02 5.175229723870406140e+00 5.586577528219008215e+00 -4.437501862703344457e+00 -8.124249801297178664e+00 3.741351516787275067e+00 2.510938079204797280e+00 -7.560513583775905211e-01 -4.952957929998149211e+00 -1.106591830574296997e+00
-8.230025702612451255e+00 2.730515023616104653e+00 -4.590412406684407642e+00 -6.440044477635800568e+00 7.058824043924099456e+00 -2.218789658436110646e+00 -1.182099817922269924e+00 1.444145694889530152e+00 5.799098092481668409e+00 -3.837509109297536636e+00
-3.085018403308312784e+00 8.283474210279539562e+00 1.135256846009094600e+00 4.518053912123798810e+00 -3.455934535071122582e+00 -2.970750132608173999e+00 -3.223055871513841542e+00 -5.890988263454595142e-01 -6.220176324489943731e+00 -3.671644635552058666e+00
-4.511016379388499864e+00 -7.120165332167038841e+00 5.254578286447736168e+00 -5.755191330138870853e+00 -4.537634999142180270e+00 -3.709112229334808220e+00 -4.086484081467573581e+00 2.393879683701197747e-01 7.995358809221960961e+00 7.094961160328928651e-01
-2.257034670222715977e+00 5.068659232450360541e+00 7.338465452729346916e-01 -1.795458227470031920e+00 -5.548655033087936950e+00 1.966530278306724666e+00 -4.147792166372930578e-01 6.521786154612523312e-01 -5.574577784306470996e+00 -2.480978741291056888e+00
-1.415570292718733247e+00 -6.696285416769250709e+00 -7.885360580492249305e+00 3.533972021621146098e+00 6.626749488156173484e+00 3.467499118068455122e+00 -4.341683155117652682e+00 -8.004816977687381208e-01 -2.155031132867147203e+00 9.526097371188860796e-01
-2.330821458874878349e+00 -1.033645500474404288e+00 -1.048902399417749987e+00 -5.096947162261670883e+00 4.232763453684494692e+00 -6.892101779061217570e+00 -6.848411424699861749e-01 2.961979932990209452e+00 6.885366911692434311e-01 3.290306776200932148e+00
-3.411753028990544223e+00 -2.342385585932593717e+00 -4.670365957180245609e+00 7.481575680054761257e+00 -6.475586824179117018e-01 1.491758151845404168e+00 -5.210020262891461584e+00 -1.594033830906012028e+00 3.451522430291309895e+00 2.513156310109519787e+00
5.116830256498499097e+00 -2.713145753016594330e+00 -4.642522252810911354e+00 4.027050479631042457e+00 -3.133532990981185762e+00 -4.020348004261860453e+00 -7.720509421865734190e+00 2.656254701447752442e+00 -3.438654595459255781e+00 5.866790028221604558e+00
5.345906490809094080e+00 4.352082403216568807e+00 -5.675564693198662525e+00 5.163810282830867848e+00 -1.119094503199393298e+00 -2.139546835212758680e+00 -9.802692511285866495e-01 6.688907190877648734e-01 -6.470187142500364530e+00 5.959950639741801171e-01
-2.408571319553391710e-01 8.604584922671225655e+00 2.084520551723362480e+00 2.132779395120876220e+00 8.137511720247895042e+00 -5.392865502891225127e+00 7.194848104666884403e+00 -1.148699479796153833e+00 -3.069383948891398983e+00 -5.769316747838663773e+00
-6.394255927497324521e+00 6.019851768599574493e-01 1.854149081230407781e+00 1.751365507967812096e+00 1.891555529861975282e+00 4.088917332065095778e+00 -3.487371803970666928e+00 -6.241278953724616052e+00 5.235239052218275013e+00 -3.577186064765871532e-01
-1.174684771456604437e+00 8.054607642778588428e+00 3.255225763443426068e+00 -3.786389462553255925e+00 4.613364619751116891e+00 -1.857829347861512881e+00 -5.996665664165295340e+00 -4.119240093440750816e-01 1.647391012342713346e+00 -5.341003642683808117e+00
-1.967057021447615295e+00 3.661641985249985076e+00 -2.861774186592817570e-01 -1.696328159699775462e+00 7.263510619198205731e-01 -2.865049249978826484e+00 1.646999235365757208e+00 8.879936049859777913e-01 -7.442889034545373539e-01 3.457612707844703870e+00
-3.243670734324570759e+00 -6.465620085229598857e+00 1.553847477820721634e+00 2.732370275843972962e+00 6.179123985608429237e+00 -1.284464783242460495e+00 5.783970510482053795e-01 2.920699407320955565e+00 -4.970669696241745150e+00 3.887742101313968135e+00
1.561438654743711130e+00 -9.735280743961952643e-01 -3.505105733948334912e+00 -7.668030192613010110e-01 4.568271860641120341e+00 -1.615486407094013921e-01 1.108214746014978047e+00 -3.782661776552274646e-01 1.384155263557790505e+00 4.211598791033870803e+00
4.810973200325586951e+00 -1.274333439822289971e-01 8.509785067719227714e-01 3.359171807918042152e+00 5.911388873779448438e-01 -4.496361482661833442e+00 -5.102874609453126986e+00 -4.919788663747673318e+00 -8.427929340634049415e-01 1.090048016898515382e+00
1.101425428691515496e+00 2.479334341476784331e+00 -6.975213299073099726e+00 5.364789883912378876e+00 -5.262085859801669763e+00 6.225788595400628678e-01 7.163528062087495485e+00 3.542327858116947059e+00 3.011794896527352439e+00 2.274295693304011046e+00
5.887867386361543609e+00 -4.440936874495647224e+00 -4.176538028868766794e+00 -2.602533936091493416e+00 -3.038373564005379279e+00 5.962925133425163615e+00 2.620153553166346239e+00 9.774765514643769526e-01 6.800771744467231095e+00 9.292507456031035007e-01
-1.247624852497528081e-01 7.884449632091183879e+00 2.642370181585182998e+00 5.853397843905704612e+00 7.120549034999616111e+00 3.892193598489713136e+00 3.405765463131918303e+00 4.825928329498819558e+00 5.196092561056291359e-01 2.082376080383493200e+00
4.058653803185316100e+00 1.661970200303483081e+00 2.425210446972756895e+00 -1.644132156380410770e+00 -9.148460628316671617e+00 1.418310919785041202e+00 -2.223287465688793318e+00 -6.048406421106584219e+00 7.225833794965074830e+00 -4.122877342441802817e+00
3.755038524680073042e+00 -2.744812243937233553e+00 -2.479906783790392755e+00 1.706687507588984021e+00 6.427771501486144956e+00 8.007235103504665830e+00 2.533044418547804266e+00 5.757968071338478211e+00 3.739321678939836691e+00 -5.735611500369520499e+00
4.339009407897569837e+00 4.016917022548947891e+00 6.429309979127516783e+00 4.230384164510848422e+00 -2.712101296740623724e+00 5.992970560983463812e+00 3.957267506942455881e+00 8.040969682773100313e-01 4.114834346321278313e-01 -4.858254971783176224e+00
1.006442088765917842e-01 -5.591313764236585548e+00 9.591910661669369453e-01 2.958901750622991780e-02 -4.176984877618707515e+00 1.653583080596761290e+00 -6.593291972758832387e+00 5.270222745001056808e+00 3.010071705255733754e+00 -5.838198354810361757e+00
4.400406897014377705e+00 -1.746596627911432276e-01 1.814006220996941421e+00 -1.463169443374415568e+00 -4.355811721695404870e+00 -3.828367260248944248e+00 4.184446274498434981e+00 -5.804473864440549136e+00 -4.933422914904737944e+00 -8.099166249902184367e-01
-3.635373139160214873e+00 7.321380991665770388e+00 -2.837045137657149052e+00 2.804926050208068844e+00 -2.039154251150935293e-01 -8.369679529834503917e-01 2.720525905998099958e+00 4.577390179234146927e+00 5.023643966446351694e-01 6.488226724991636551e+00
2.524348245229009802e+00 -1.217655144215741281e+00 4.271322020179206369e+00 2.459004359902630554e+00 5.146270128803080546e+00 -4.014971574238294316e+00 2.510569978602493535e+00 -5.107653226484032416e+00 3.698337795543794382e+00 4.661201349767501334e+00
-4.051221336170916842e+00 -8.652394015109337033e-01 5.840565974390837134e+00 4.767867948470947859e+00 5.190030723835425519e+00 4.350069087580351601e-01 6.158952161670319114e+00 6.911738254439529605e+00 -1.931070969170819995e-01 8.505460571135517456e-02
3.226165708907046792e+00 -3.199399255191852198e+00 1.606676969121015208e+00 4.550276256846174761e+00 5.746042964461555158e+00 2.095584422479919162e+00 -1.434240087822231002e+00 -5.427681375092006100e+00 -4.709229653951151562e+00 -6.449039583078133298e-01
-2.613724146751471356e+00 -3.468591624642455518e+00 -4.469422559142452123e+00 2.851655312938806919e+00 -2.350674742909865333e+00 5.014162924148710676e-01 -7.183512286025504068e+00 -5.202486293639681847e+00 2.454716851884426898e+00 2.679804142101574360e+00
2.362784439550540405e+00 -8.904169609524518192e-01 2.109107781285293637e+00 3.933808200854114645e+00 4.773226987541783650e+00 4.304730724919155094e+00 -2.889447178897929902e+00 -3.226249865352488033e+00 -5.124299069052622002e+00 -8.965366974616624240e-01
3.656738979967414593e+00 -5.523002102818121095e+00 1.404417025042813183e+00 3.177524652867505850e+00 -3.972021928036946203e+00 5.520687669826553901e-01 3.574809317436500766e+00 3.676819079115579925e+00 2.305013604932808047e+00 -1.800363971494603477e-01
3.776751842762843481e+00 2.346476231166091164e+00 2.261080278059809601e+00 -6.478311907947125192e+00 7.678846004924202440e-01 -4.898488082806852439e+00 3.345405312760257210e+00 1.767349318977034844e+00 4.726401596100981983e+00 7.537895977905515466e-01
3.269319480080777218e+00 -3.812810692859653905e+00 -2.729419952035150310e+00 -5.801528246131712585e+00 6.240630473289742852e+00 -2.392895070551602554e+00 -4.495018176344200533e+00 1.475276827916264910e+00 6.597140610219995871e+00 -2.177859695898085146e+00
-4.601364035110500517e+00 -2.261492551688933261e+00 2.432548799661374161e+00 -5.265518904218065011e+00 -4.360229749994746773e-01 4.113321712783166162e-01 5.753102244881296734e+00 4.051237830531114525e+00 1.903185017309941607e+00 3.462949709911307128e-01
4.309834339331333752e-01 -4.012534088224389173e+00 7.379339090136277646e-01 -6.601780290489825731e+00 2.036027558755652223e+00 3.264519773698002947e+00 2.692651949698502634e+00 -2.697667652935524796e+00 -2.906564493400465743e+00 2.757263161699907261e+00
-3.860765891374239089e+00 -1.125331421062791604e+00 4.120082491203878483e+00 -4.991118709386156205e+00 -8.308057817813895296e-01 3.351764439700926967e+00 -7.345653354892114351e-01 -2.019482725896827535e+00 -2.956011158191852672e+00 -5.709284257180603284e+00
-2.229273979460014043e+00 -2.122309044141205414e-01 2.832272179747186591e+00 -2.644761654358013026e+00 5.411302100296171425e+00 4.565988994747241847e+00 -2.096981671782179202e+00 2.695455527609563973e+00 4.879232666688620768e+00 -2.707862241135505332e+00
1.016904626293177349e+00 8.561164950260803375e-01 -1.108017284855837614e+00 5.035189539390009017e+00 2.854813680273826093e-01 5.518321242775703794e+00 -3.420978853111491524e-01 -3.258506258774863440e+00 -2.627013234966827593e+00 6.831894819182610767e+00
5.940609862807052721e+00 -2.266217617092371128e+00 -7.531242905775867413e+00 2.087631130985659667e+00 4.294761517177487775e+00 4.061948966517148207e+00 7.328349086454621464e+00 -4.206398981272490012e+00 3.432188737169087123e+00 3.665471922692485673e+00
-7.250123242825207370e+00 4.686568721753606503e+00 2.773999942652069617e+00 4.945166205196511733e+00 3.950710438724261753e+00 4.173648211391965290e+00 -3.337425506136944442e+00 1.901012881949293520e+00 1.579903296997766660e+00 -6.800177140760544914e-01
4.005309891913932496e+00 5.852000936416507315e+00 -6.100729041392471075e+00 5.150313198557122663e-01 4.589906617908630082e+00 9.107196014987223975e+00 2.487311448596278396e+00 6.236163200450210553e+00 3.341979347525162680e+00 6.290025337568273756e+00
-4.965778159489649290e+00 5.776879046878717006e+00 1.323771331808639040e+00 -5.401400311852631475e+00 7.408364629290486114e+00 1.876426126682362971e+00 5.302794317860405116e+00 -6.746559702940222003e+00 -5.479978965071304886e-01 -4.621493682074476084e+00
-1.186706303457211398e+00 -2.722220929986359561e+00 -1.992391337460029499e+00 -2.953974005452908447e+00 6.997326614804959988e+00 -3.542094485064026355e+00 4.065414082262652329e+00 -7.185202461669353724e+00 -3.768367569341716794e-01 -2.376342800445371051e+00
-4.915143129847394654e+00 -6.871059946877028146e+00 -4.261997888183164385e+00 -3.455698569719445779e+00 7.250698994471465042e+00 -5.783065667870879167e+00 -3.718648188698121082e+00 5.536460529733751912e+00 1.602464635995483277e+00 6.251483498173045383e+00
-5.001350931479858986e+00 -5.595025693328909533e+00 -6.898448367458732911e+00 -2.635194661092525870e+00 2.530562030422953246e+00 3.910728614964050109e+00 5.760319780401575329e+00 -5.582827012326465166e+00 4.543923528514756782e+00 1.297235228891073122e+00
5.511385076231345437e+00 -3.297629747660541621e+00 5.412258322204233529e+00 4.472908985878763843e+00 -6.959330437062194008e+00 3.181826768116667647e+00 3.984215099192199183e+00 5.155082904362387808e+00 -7.063762500724982685e-01 4.917958527617916076e+00
-5.373524335119719275e+00 -5.509095040215165717e+00 -3.339666189992712919e+00 4.109623486061599884e+00 1.186221390620234351e+00 2.192458598145535120e+00 4.410998340713557120e+00 -8.094477589285009600e-02 -6.525095073230269271e+00 4.578135829479141883e+00
-6.307268266422289216e+00 8.009624751447798729e+00 -7.676028877992504107e+00 4.620159784170936312e+00 -1.796685442773838126e+00 2.000564049421742041e+00 7.966097126948623597e+00 3.439621330705497915e-01 -3.538101850860622566e+00 4.917119826929980952e+00
1.088318617502473273e+00 -1.350193903647654847e-01 8.340341419389460498e+00 -4.033667098526193762e+00 -6.816065044614900259e+00 3.057835437762418618e+00 2.128668034288075717e+00 6.276112668048154042e+00 -2.040464317632896041e+00 -4.755444086271335635e+00
-5.664146076251527773e-03 -9.166495193167241595e+00 -6.908317189233509348e-01 4.659341357355006430e+00 5.706384531544204108e+00 -7.079377486694558463e+00 6.810082788735306591e-01 5.905523331433208956e-01 6.205615155435576291e+00 4.909797529711974917e+00
3.289033467387833642e+00 8.338591560563211047e+00 -3.926401091827658174e-01 -5.080379802887396989e-01 -6.231621482462809780e+00 -4.113572498839906721e+00 -1.374734421422695307e+00 2.606002871660610509e+00 -4.084534224319266826e+00 3.444148208550009471e+00
5.105799847005027203e+00 6.283999758694052140e+00 6.574567643979425391e+00 4.711689649555717452e+00 -2.573900216473936187e+00 -9.499803811310469914e-01 2.152691732482890696e+00 4.517725284784125606e+00 4.899343284777841201e-01 -8.234621266317416755e-01
2.119185127749557029e+00 1.899061125183347576e+00 3.430302734589781632e+00 6.759884842411034711e+00 1.613657062863857794e+00 2.331493203077656506e+00 -6.900790605042971038e+00 1.906691873430055972e+00 2.352567591838914396e+00 6.373434798442715987e+00
5.678676860861463283e+00 -1.208491718703220918e+00 -2.304541060547285802e+00 -3.220721058804649317e+00 -5.411400736255061794e+00 4.750423065781205878e+00 5.630608757653800645e+00 -3.906886126473162246e+00 -4.622244845295377047e+00 1.935559149216030006e+00
6.013407123914396024e-01 4.331515787311443488e-01 2.018465687077083626e+00 9.344764434839065714e-01 -7.061733874131000732e+00 7.602855136896592647e+00 -2.851326102016891739e-01 2.436056839452540590e+00 6.219748709453547519e+00 4.030756086844268893e+00
1.152557329614818105e-01 -1.608020875478787026e+00 3.985047940441283743e+00 4.466675914130516567e+00 4.688864411294489720e+00 3.390686913678335745e+00 7.683114410941717765e+00 -7.486721500152207831e+00 -2.942277385938270040e+00 2.164749482137878489e-01
-1.316930055123132881e+00 -3.709781576358170962e+00 -1.313535629807337513e+00 5.563955416514658303e+00 5.343700898000401933e-01 2.298495205499938354e+00 -2.534116282683125831e+00 -4.981950206279519122e+00 2.618396796912560109e+00 3.338465091873904278e+00
-4.030446993734074113e+00 -8.963220439962768182e+00 4.447891448760472599e-01 -4.472288393204067347e+00 2.142090460772013150e-01 -1.678829510962318805e+00 9.303991006366050698e+00 -2.489586676213643379e+00 3.296279913839175180e+00 -2.900967195323109316e+00
4.979249512940791433e+00 -4.832354931031145107e+00 -4.503652512482372750e+00 3.574400684656301230e+00 -3.503957350193118714e+00 2.049878895761950481e+00 8.169542671984702409e+00 -7.358543929639447256e+00 9.990660849498339546e-02 -5.117261448524857315e+00
-1.238488247627026029e+00 2.728552777747758284e+00 2.993660421351072465e+00 -2.302609608293714416e+00 5.313333483681564218e+00 6.122087737456858303e-01 -6.739301091538525412e+00 -3.163885891946868423e+00 3.606254249545623569e+00 -7.065335130043743916e+00
1.151611563792301896e+00 -6.395579379108082385e+00 -2.620093822118980231e+00 2.098161215457083006e+00 -6.007074794286231700e+00 3.371438280110407693e+00 -1.860145024947350345e+00 -3.855276950967585492e+00 -2.225921973949569477e+00 -2.560777660123085830e+00
1.707223022691001013e+00 6.849695439086745274e+00 4.842845420101927978e+00 4.182783067168486468e+00 -3.130445753823636768e+00 6.769336009408593924e+00 9.871813541794823843e-01 -1.897344293013906169e+00 -2.781440926587762430e+00 -3.266699173962862357e+00
-2.107227304975249016e+00 3.065344984267205586e+00 -2.041036008830254378e+00 2.328193457998092963e+00 -1.160855735001772748e+00 -3.900833492428016136e+00 4.036921198278273337e+00 -8.624316230716827292e+00 3.523157645487388301e+00 6.944300869252178821e+00
-8.171637282788846157e-02 -5.525943461504704501e+00 -4.257414815765908855e+00 5.318227608293325304e+00 1.833075982787965241e+00 -1.370618360918975931e+00 6.001657906817841059e+00 -9.166878905767517072e-01 -1.599262614131256699e+00 -2.573317816026874372e-01
5.997823258773887112e+00 7.604228227684203922e+00 2.641959997312695041e-01 -6.675330127928444490e+00 -9.221306840281694450e-01 -5.035975859132882704e+00 -5.370613064567810291e+00 2.047709514748468074e+00 1.837143789130399441e+00 5.420155294767759813e+00
1.530620833382364543e+00 4.616991739424760155e+00 4.652137261899591536e+00 -4.878100577335754195e+00 3.326924029413341088e+00 -2.348541637590161102e+00 -1.554016506809586362e+00 4.333713078847353906e+00 -1.873707185580311796e+00 5.904098612467896245e+00
2.181755894088872161e+00 1.695765543393541908e+00 7.498467447038698275e+00 3.701654325399360790e+00 -2.599077119132026326e+00 -5.719082141382419771e+00 -4.851636146955495832e+00 2.922006460885301582e+00 4.117042409054929020e-01 1.742359573013486873e+00
6.165903811871930706e+00 -3.453834408814767443e+00 2.988003664026583461e+00 6.840452479464365076e+00 4.076685458642525184e+00 1.682840559497303934e+00 7.081865662458901589e-01 -7.399634248512989565e+00 2.302981942040201790e+00 -3.970494881857730807e+00
-1.759752712535110231e+00 -3.402672598799845183e+00 -2.024890644135925122e+00 -4.203560333813999961e+00 4.047650433972362904e+00 5.234913835138590876e+00 -3.311359157279070153e-02 -7.869754969932226674e-01 -3.510903043502454413e+00 2.031232506271893445e+00
-6.145876801302178727e+00 7.831129798862384916e+00 3.724801891206463544e+00 -5.114099280927923097e+00 -1.318958205146546714e+00 -4.342841587415379401e+00 -1.190924530002793080e+00 -2.925308821920020730e+00 -6.779429409098482573e+00 2.548401534349517661e+00
-2.310624413114887865e+00 -2.611935802936373285e+00 3.189930323185635963e+00 4.884167579618904576e+00 3.459170062486703223e+00 5.543952912473282701e+00 -3.805533613052249908e+00 -5.196621511956649897e+00 -3.740351179474037807e-02 -1.666300955850841037e+00
6.292895739896192886e+00 2.342795110232988254e+00 2.900482735996422257e+00 -8.465211980945115400e+00 5.493641263253176810e+00 -2.176154058176114903e-01 -6.802416281049309177e+00 3.344041852765010869e+00 6.654470014407189105e+00 3.657705567601316154e+00
-2.042810167413461553e+00 -4.048889685279434936e+00 8.184050628778546610e+00 -4.383129548569312028e+00 -3.747463321662012348e+00 -3.762552567299606299e+00 4.647868987006533281e+00 3.903619419395047085e+00 -6.159593457450963427e+00 1.580156253640240038e+00
1.208452662222649687e+00 -6.677020968952980695e+00 4.637045473714941579e+00 1.909826543321437198e+00 5.892283935270309136e+00 2.172667823560440192e-01 -5.499479242729461426e+00 -2.495440113858263143e+00 -8.770225828953581271e+00 2.322938382098465038e+00
-9.440880531326113489e-01 -5.164903966022427184e+00 -2.974957863665137925e+00 -1.974999999781442694e+00 -6.823400965996023970e+00 -5.698688871119736099e+00 7.127519013332381803e+00 -2.241405014454421529e+00 -2.333601542437144349e+00 -9.717262439025182719e-01
-2.449151891804523196e+00 7.397017388770513735e-01 -3.275513596346899536e-01 3.340186190591783788e+00 4.720657977955177387e+00 -2.216206915953898626e+00 -1.670114334863181949e+00 -3.290715208630581756e+00 -4.184035414030760514e+00 -3.989472901021909212e+00
5.185147735211465658e+00 -2.931426926424011814e+00 -6.082581222413852018e-01 -6.003431365877110792e+00 3.403889436079371222e+00 -4.194548174574470600e+00 -1.063928101013587701e+00 7.245819994447461276e+00 6.020051997563014901e+00 6.318251229814046077e+00
-3.449778186614177677e+00 -9.453830114533685602e+00 -2.343517098058997661e+00 2.883718559898779787e+00 1.152945127689825044e+00 -4.455570509833811421e+00 -8.162359523497068281e+00 2.263761895936779567e+00 9.871049073323479028e-01 5.711173045344756893e+00
8.656044969024477842e-01 -6.155706536701764653e-02 -5.948439934644432547e+00 3.605522033775855895e-01 -3.005046261925691464e+00 -3.132808899662280933e+00 -2.266609061600947328e+00 -4.416902419773878208e+00 3.170957958017502243e+00 -4.470243303928488565e+00
1.843610029996180233e-02 7.826732245109730979e-01 1.727686169226874957e-01 -8.847771945177640429e-01 -6.062448410099053220e+00 -6.672125668146096977e+00 5.941807306394469634e+00 -4.979248599915831797e+00 -1.699677036035488253e+00 1.949639414777594171e+00
-7.962424611906429028e-01 3.879424360828648943e+00 -2.217473616994148244e+00 3.647511768663693754e+00 -6.012445512690532290e+00 4.101519549128451736e+00 3.234189018790494252e-01 2.198360696510833545e+00 -5.018145854777789516e+00 -2.058750813486903919e+00
-3.796758796240414569e+00 2.883037520920245789e-01 -2.532415897684177075e+00 -4.504927602058456770e+00 -4.814578694825464744e+00 -3.882859929978852431e+00 4.318821287659412533e+00 5.866220654317778838e+00 -5.119882328092311141e+00 1.605160260599602928e+00
3.381446740868439438e+00 2.555765334715461634e+00 2.579224203171014640e+00 -3.248049131665111666e+00 -5.630850877002231414e+00 5.830696614415014523e+00 3.753598382290186386e+00 -6.236074550980330145e+00 4.930399145780446912e-01 -1.302540250166605018e+00
-4.312299418925014116e+00 -4.290073156579155444e+00 2.973030195269560139e+00 -1.847291023356241624e+00 -4.801220603575114154e+00 3.623787626727895450e+00 -4.366675975596956860e+00 4.204139619855546073e+00 5.817562892272477804e+00 2.254493300017419877e+00
4.759620091070782877e+00 3.743185078111828101e-01 -3.828623224392698199e-01 -1.944617851645025430e+00 8.294851216714981268e-01 -2.589227334301793082e+00 -2.636207351602258830e-01 -2.095137351317112984e+00 -3.154182334860344827e+00 -4.241591206976443651e+00
1.124455657358284899e+00 -5.734160766417129018e+00 6.757872146578848493e+00 -3.624978393761708606e+00 -4.062905016693884264e+00 -4.673814955089588885e+00 -5.050181592545266440e+00 -3.092148631822377314e-01 -9.024557772833855296e+00 2.312718492609012078e+00
-6.340493911017047957e+00 -1.044756525931968660e+01 2.850717513467529329e+00 -4.320466497223727664e+00 -5.938546642996074709e+00 -9.775314679450842759e-01 6.072685308027994999e+00 -1.296532096070145190e+00 3.434010575911591090e+00 8.940367217482472206e-01
-1.214109735713485128e+00 3.231857668754568813e+00 -3.340851210506407654e+00 -4.086378983623645489e+00 2.714992063471922012e+00 -2.508949364843889196e+00 -5.809516712385630832e+00 -6.764559001724178566e-01 -3.839313761176531559e-01 3.646058943082277626e-01
5.644574500940977124e+00 -8.643296037664919274e-01 -7.337594701031607825e-01 2.438897528026327421e+00 -5.401316952672101657e+00 -3.163077263872206668e+00 -7.412890191911205129e+00 -7.106741456606286533e+00 -3.662809623670881254e-01 2.963011481214412601e+00
3.263464354917554822e+00 4.554541475408364626e+00 5.675755735273349423e+00 -2.224117984514735191e+00 3.031825112042171089e+00 3.768286077563118397e+00 3.411004739387613616e-01 -1.894008812547000487e+00 -6.397696963584221130e+00 -3.313291751472599689e+00
6.407299767629518472e-01 -3.298048120538325634e+00 -5.407516789099177323e+00 3.590871882933867276e+00 -2.441943428666657923e+00 -7.419562955517129410e+00 -1.508080917865914028e+00 -3.695717502897282181e+00 8.304732049943943650e-01 3.470059416834211152e+00
6.267261904517985371e+00 -4.991529859471693364e-01 -3.971827704768944312e+00 1.439200157934146462e+00 3.016831907120101963e+00 5.733096818952345686e+00 6.439030047478423446e-01 4.341025707456666605e-01 -3.586144846744527381e+00 4.504764838223191958e+00
3.981704011508507612e+00 6.624122103784812587e+00 1.975984726394374169e+00 5.801472466380526605e+00 -3.965057505555906192e-01 6.283103109318251889e+00 3.232667997858976072e+00 -2.417829452993258688e+00 -6.082310762106007296e+00 1.503839805881308944e+00
-6.537332948958141099e-01 7.835428076917903439e+00 -8.726779804811611863e-01 1.623412979228691766e+00 -4.927080753419202708e+00 -2.941142251391077878e+00 -4.527041717399433729e+00 2.400637978622934821e+00 -2.926594074155135505e+00 4.915587785889115935e+00
-1.540776451423852000e+00 5.541647119292185231e+00 -7.690376189876146906e-01 -4.844395008089399379e-01 -4.258411947303526901e+00 3.645306794848382825e+00 2.146216943939663224e+00 -1.788576670647003208e+00 8.884723038321193922e-01 -4.369804806755714921e+00
8.313196923131339844e+00 -9.705508224582043431e-01 -4.628274954139146580e+00 2.529692987364414170e-01 -4.595805974307982211e+00 -2.504667223512367258e+00 -6.099319603371966103e+00 -3.820992888282514599e+00 -6.480843929734301234e+00 -1.816786164205491438e+00
-6.013436836778485173e+00 -1.210756035257650964e+00 3.460023416487011616e+00 2.907462195556908657e+00 -1.773572287685286852e+00 3.384430952201470166e+00 -7.979453563583488673e+00 -5.144113803769309712e+00 3.022135453354773293e+00 6.835156595039590388e-02
