-2.046311401374849570e+00 -2.587169364625099277e+00 3.514607843259853204e-01 -3.690625956297896693e+00 1.032526884721313287e+01 -2.682672837105290142e+00 2.574984137620263347e+00 1.117413853941553548e+01 1.012100914645689009e+01 -2.446160661414003901e+00 -3.467108722526901499e+00 5.063630028713951070e+00 -2.521216016166931251e+00 -8.825365757282352064e+00 -1.043856620896506371e+01 1.869212977452014757e+00 -3.850743078459948898e-01 -1.109082172287022772e+01 1.655774037052083258e+01 -2.874323564712916479e+01
1.986396767485760861e+01 -2.592230128863568073e+00 6.838313800130944031e-01 1.172543054955655428e+01 -1.164796908959293908e+01 -2.967188047259974315e-01 -2.615309310916286734e+01 2.059117731917055849e+01 -1.845513874907408791e+01 -6.501577638436024209e+00 8.256160014533460434e-02 -9.239591392512677359e+00 2.502719295363803198e+01 -1.869100049478549863e+01 6.959982580352956916e+00 -1.452446781290180011e+00 -2.145730627198384255e+01 1.259947040602942536e+01 1.958309423039507280e+01 9.433772057430260816e+00
-8.698199345019736128e+00 -2.201789289754310985e+00 1.229114540673306027e-01 -1.626758207699768422e+00 6.243489189150563057e+00 -2.686705816516083978e+00 -9.332142732450288136e+00 -1.889830965109351268e+01 -1.529954560552474518e+01 -1.316202418481086767e+01 -1.405787167762748424e-01 5.557897577970863701e+00 8.595532897434157604e+00 3.310147435913338043e+00 5.747984411980122665e-01 -2.704679852542741347e+00 1.765227892685397393e+01 5.927691833064873350e+00 -1.115172959796957919e+01 6.163481439777612536e+00
-9.339802367896412605e+00 4.371993356319743285e+00 -2.513064265705277300e+00 6.093142568587575525e+00 -2.332883127820569502e+00 -8.171630089483378212e-01 7.026698250997117867e+00 -2.316485247277555448e+00 -1.937623982209276718e+01 3.170334181125185946e+00 -2.783500642819787707e+00 9.989612577320293951e+00 -1.016008412227625968e+01 -9.826545033658270256e+00 2.579841898907062614e+01 -1.197081238316879848e+00 2.230492758925840135e+01 -2.476158463307362112e+00 -1.077466939096542120e+01 -4.542369124191261598e+00
1.716944150712270556e+01 -1.400292476268874875e+00 -2.787408404230580672e+00 1.159358363792166280e+01 -1.314856261437489771e+01 -3.018887567288012441e+00 -7.177668167862353066e+00 4.610210620096977685e+00 3.581579327054817963e+00 -2.618538638384420025e+01 5.847202249278251607e-01 -2.307023001652171601e+01 1.644044594980909579e+01 1.746553013999680815e+01 -1.983469583230450528e+00 3.027183179468865504e+00 -8.825850018423279764e+00 -2.348215067296218095e+00 -1.122572668135468632e+01 -6.956178615228565398e-01
-2.671110177026432275e+00 -5.991754872715917557e-01 -1.254500262990661197e+00 1.337817135217145736e+00 -3.378571939119082046e+00 -3.946831540743421129e+00 1.404179717196498522e+01 4.097196258561049298e+00 -9.623147097141547590e+00 2.056696489588363264e+01 2.907950581057186845e+00 -1.068629269736855214e+01 -1.848181189644303046e+01 -5.086329262495922210e-01 -8.769072878073291832e+00 5.512262855025477082e-01 -2.041836392253631516e+01 1.892249198726082327e+01 -1.064535384043167887e-01 -1.557457664188169222e+00
1.485657092062900198e+01 -2.517814051800422726e-01 1.236827797861696610e+00 1.104714807625506801e+01 -1.053134195349474744e+01 -7.449858333151971657e+00 -1.931452934650981845e+01 -1.325187607312003557e+01 -4.965927653799503960e-01 9.055599132991554612e+00 4.383463846189001423e+00 2.129950196979259758e+01 1.762645845771260156e+01 -3.785079668205242776e+00 -1.742148640109605040e+01 3.214442809431946824e+00 4.556426976505578708e+00 6.871352953725408774e+00 -2.355427489539517083e+00 -2.634735497066283294e+00
3.897866632399154430e+00 1.604130596309813583e+00 3.219098672755618562e+00 4.636431152253949861e+00 -6.172064361316595971e+00 2.876339161231989294e+00 -1.248752272195083890e+01 -2.005097522846676483e+01 -6.486937540883537245e-01 9.326505638451981994e+00 2.990864421547873686e+00 -1.558441819888832569e+01 -4.939116728880305729e+00 1.190013250537131384e+01 2.052761830403011345e+01 2.908874057425240300e-01 1.430187795224898828e+01 1.786406090032377492e+01 9.390215067495981671e+00 -2.101711917863891799e+01
-5.637743788653719612e-01 -3.968429608035323408e+00 -5.052918694759516161e-01 -4.527907501623091302e-01 -3.877864786458224078e+00 4.753323789959808643e+00 -2.207049380374145109e+00 9.262356295608043411e+00 1.760608831510588601e+01 -1.756122143386301815e+01 -1.453722708558247811e+00 2.322286079249873225e+01 -1.609729164529233003e+01 -3.092390337668839351e+01 -8.959164230365669113e+00 4.804226078302842318e-01 1.776113291662630989e+00 1.857526945098588911e+01 4.811044518408037263e+00 5.622260808811878618e+00
-6.160183116587623964e+00 -5.362672570568929320e-01 4.056002996201354627e+00 -2.971234596945486306e+00 9.541500534420102042e+00 -4.373274956715627049e+00 -8.508603106196174437e+00 -1.459518216194528861e+01 -1.590397391613648992e+01 -9.067827196069735862e+00 4.843693370135570553e-01 -7.168175653905477063e+00 -7.077272488460325306e+00 8.661686701046046599e-02 1.585846344674376951e+01 -2.230227728121946917e+00 2.443407921400431615e+00 1.268957198819172127e+01 2.071249261212563297e+01 9.993492319194551499e+00
