-3.037487232187638733e-02
8.522625714618157003e-03
6.891509458114068731e-02
7.795852022642696388e-02
7.732839732920583631e-02
-1.356782618868863921e-02
-6.932561981416493491e-02
-4.737176054597673491e-02
-4.321283423855667993e-02
-1.082488127638500108e-01
-4.174139883471834900e-02
-1.593028213660961992e-02
-5.185628967628583448e-03
3.868611084569388570e-02
3.847640397357603159e-02
4.124346102614989684e-02
-1.678194545240193139e-02
-4.495957958785268965e-02
-4.972024517364486557e-02
-7.303078602366015748e-02
-4.893763961845325888e-02
1.897286902008602991e-02
5.872175402996652853e-03
7.047616686046219436e-02
5.724909615704091431e-02
5.208824112462759337e-02
1.559474691331873622e-03
2.337350981885936638e-02
-1.293429262044813385e-02
-5.759296626174007644e-02
-3.677139785694425161e-03
8.225297791882867082e-02
6.677591325478977879e-02
4.046747002337522381e-02
6.072862893919290378e-02
1.605454809981975844e-02
-4.498768370266563454e-02
-3.193463398714219831e-02
6.089160596529344729e-03
-8.660371606092251082e-03
-3.469614162520204270e-02
4.674252015500438007e-02
8.594257819413528288e-02
3.721377976253868042e-02
3.749823319792681270e-02
4.514044947077024833e-02
-2.363887525523810859e-02
-1.627723906701843831e-02
-4.979505804240053068e-02
-1.425907295382602274e-02
3.993751498984622096e-03
1.511015432317006427e-02
2.741278903875252540e-02
7.374616456071800275e-02
6.141448634869028922e-02
3.168316768668814204e-02
2.465522683853788033e-02
-7.385188893445873703e-02
-2.488424085548464684e-02
-5.762124653041568456e-02
-1.971851578303641939e-02
1.048606807893775507e-02
3.056052628427160731e-02
4.251646184822848590e-02
4.691743406783824288e-02
1.217906680965784999e-02
-3.875719956883232759e-02
-7.746833686098070215e-02
-8.563885106618886189e-02
-5.429082224080378910e-02
-9.139931851544757027e-03
2.059465536677678246e-02
3.809559365221739519e-02
3.458883843184171886e-02
2.379247687276464171e-02
2.606037343120762642e-02
1.022951051906567481e-02
-6.613608800822411149e-02
-3.590781022683484092e-02
-1.534480518926906872e-02
-2.532090590888255027e-02
-1.319404846370196560e-02
3.506139280167707567e-02
3.672368614763613787e-03
1.425205323806366491e-02
1.305918169992673766e-02
-3.464384687979116251e-02
-1.376284911465183204e-02
-1.095488408934524177e-01
-4.723245995787390267e-02
-7.796360162756382772e-02
-1.108675024909419084e-02
8.830221244238137604e-03
3.359510296410023189e-02
4.193765151283591897e-02
1.697639584751740524e-02
-1.226978785855116667e-02
-3.608505999191776586e-02
-6.777121642543680602e-02
-8.553072397020958229e-02
