1.579379830228162529e-01 -2.634901238990312589e-01 3.872045691295174924e-02 3.591576586368887963e-02 -7.435538835237553990e-02 -3.442170229427934242e-02 -4.981328550512323372e-01 4.586070704901371586e-01 1.898138011448089191e-01
9.478661567795940157e-02 -1.478518114033290920e-01 -2.857188800951397309e-02 3.226491277966765658e-02 1.288516186687148068e-01 -1.442902124694102894e-01 -5.776283721680405270e-01 4.025977548527954752e-01 -5.867921291268820422e-02
1.911419658344529204e-02 -6.937693667200768577e-02 -1.298828703785520899e-01 -3.434893663974847300e-02 1.632517591594662976e-01 -2.081386362810676571e-01 -5.685583952277332154e-01 2.941492311799107084e-01 -2.648282774218896352e-01
-3.207754748568682202e-02 6.550979710124914257e-02 -2.150466779780173809e-01 -9.243878811688865937e-02 1.256643466126034225e-01 -3.027373397899715823e-01 -5.051017409320299745e-01 6.096644606100235647e-02 -5.250783378636019183e-01
-4.758744924294965040e-02 9.540919810068154705e-02 -1.739930419516283744e-01 -1.191317995926728102e-01 -9.740387238436652717e-02 -3.176559472768979431e-01 -2.951497662309927050e-01 -9.623225793741102541e-02 -6.710490984983150664e-01
-6.844331133057036942e-02 9.000322949363523395e-02 -1.349469762033179698e-01 -1.843402475032487609e-01 -4.529961833331949683e-01 -2.277446842234567281e-01 -3.327761130614858426e-02 -1.188928968045587786e-01 -5.895963531319369233e-01
-7.773382789433345985e-02 -3.261687054527089014e-02 -1.817441477548038462e-02 -1.788240845679150703e-01 -7.548327334116798903e-01 -1.646022215921932041e-01 5.729721649651605547e-02 -8.809188038963242096e-02 -3.377608611617661794e-01
8.569907446612172464e-03 -1.675373592251069299e-01 6.862730342205151934e-02 -1.310975604473011147e-01 -8.220711981644081012e-01 -7.707827687349796952e-02 8.420700650109595731e-02 1.588136438612842705e-01 -2.530117014596902636e-02
1.143456273392325778e-01 -2.770301754227021407e-01 1.755377878591204421e-01 9.671362117246477472e-03 -6.682878272784450457e-01 1.119044776359034120e-02 -1.265507212309708307e-01 3.080854818593516953e-01 1.720636567993096278e-01
1.472278346395410054e-01 -3.073178765570703797e-01 1.881149486040027130e-01 5.147533975207307239e-02 -3.980485645466553812e-01 5.108672939703890088e-03 -3.191622134965620972e-01 4.409951250151384339e-01 2.660665559583303419e-01
3.270860222554216462e-02 -5.457633945314845914e-01 -6.829132103073427829e-02 -9.001678687162545378e-02 2.848375596168354826e-02 -3.863832512502689970e-02 -4.912555034484530347e-01 2.584670408654173301e-01 1.905897764023995744e-01
-7.618320584311140398e-02 -3.087806153810505050e-01 -1.149090567942750996e-01 -1.830687245252383619e-02 1.075866215638440343e-01 -1.002512965294311414e-01 -6.449600837662131658e-01 1.538065336209813172e-01 1.454569546894530496e-01
-1.522222584535795065e-01 -8.582414384542368102e-02 -1.217407648750400001e-01 2.739436203705088516e-02 1.111070499402936895e-01 -1.340116574644782677e-01 -7.746851693332438282e-01 4.443825949069314662e-03 -6.780643224755622533e-02
-2.230737705181577435e-01 5.525145660007655529e-02 -4.759459368977324994e-02 -8.833782408358215391e-03 2.822029730397439609e-02 -9.487223360808869077e-02 -7.215622383196250711e-01 -1.633140647667480905e-01 -2.895900114104538736e-01
-1.685022254768301642e-01 2.052423525435992657e-01 2.505022671339619811e-02 -7.538574050259415349e-02 -1.666855699439615535e-01 -8.637944551828492801e-02 -4.965908807739761732e-01 -2.216033540820524783e-01 -6.180250684970554076e-01
-7.804296852850001187e-02 1.308381234668124227e-01 1.050704991887183026e-01 -1.562102893782906787e-01 -4.430623173124245140e-01 1.098771738162762461e-02 -1.337789848238405965e-01 -1.895169169792114972e-01 -5.973509081403181042e-01
1.293677134584493311e-03 -5.078974334229443416e-02 2.350645120935100918e-01 -1.561586705400671016e-01 -5.956315645805184689e-01 7.884655778647049751e-02 4.247482183791654459e-02 -2.811683945552392871e-02 -4.771558669571611122e-01
1.218073894802104984e-01 -2.451060180923851362e-01 2.514242249959546815e-01 -1.363328170108646098e-01 -6.016823691815929021e-01 1.174756322288837279e-01 1.205958995377347798e-01 1.402477146233925276e-01 -2.794357905321013247e-01
1.787346985690902168e-01 -4.876273539302245497e-01 1.763264259674770240e-01 -1.161757170330495192e-01 -4.738610555702657545e-01 1.175489040989237399e-01 6.301463487663238987e-03 2.320376994054785535e-01 -1.848165000388679591e-02
1.439914703687057429e-01 -5.982775140118075097e-01 1.108610064920597382e-01 -6.921974481517084721e-02 -2.110221664298328470e-01 8.067716939928185060e-02 -2.054764840853158525e-01 2.678009224347205897e-01 1.524153905698441003e-01
-9.609952412424557777e-02 -7.275356454872623502e-01 -1.471136490525969398e-01 -9.906490173194781867e-02 6.467876426604607376e-02 -4.155249549552244431e-02 -3.062569148935427865e-01 1.302484763797167461e-02 1.904437211064683444e-01
-3.215544078128733108e-01 -4.953017937724164543e-01 -1.091803611479878061e-01 -8.644188523342077879e-02 4.265449528961887116e-02 -6.667376956572114433e-02 -4.987561867549077932e-01 -8.169351726540537151e-02 1.801392827462880430e-01
-4.156576742329455842e-01 -1.290165436888560391e-01 -4.389629013198900059e-02 -2.630536919348465570e-03 2.378837636352965773e-02 -2.550501711178826056e-02 -7.128853454413891511e-01 -1.677223127986187112e-01 1.112091964662054316e-01
-3.951355658112898905e-01 1.003676168365291027e-01 7.095180782294172039e-02 -5.313773818363564348e-03 -4.056385711451118009e-02 1.156788734465908075e-01 -6.724349263373299301e-01 -1.718480752761316899e-01 -1.488649940926556059e-01
-2.463469536284545458e-01 2.330494562381298929e-01 1.686828238676036928e-01 -7.538492999757188950e-02 -9.044903260340911300e-02 1.826127317541698380e-01 -4.603523669018467213e-01 -2.037349925174845311e-01 -3.818395089007668441e-01
-7.830511679407306525e-02 1.884822707559734301e-01 2.107934551250865707e-01 -5.189696053292435635e-02 -2.435371872201954335e-01 2.865221661797689445e-01 -2.060839112738265533e-01 -9.204059172130019117e-02 -5.620250718893884390e-01
8.633625837281271032e-02 -1.072386908052948840e-01 2.605084942907235912e-01 -5.375724781452826534e-02 -3.726040211920172984e-01 2.945115255338102700e-01 -2.033016415582234934e-02 -2.393196158654702088e-02 -5.929665241123835973e-01
1.490560917616624848e-01 -3.831133371781736408e-01 2.563189357684075298e-01 -1.854757573239520715e-02 -3.584741809307646632e-01 2.698446276925706711e-01 1.185063169455984056e-01 6.158061037864267367e-02 -3.662419754701115027e-01
1.881594928272497247e-01 -7.074267380385814707e-01 1.214207074879980752e-01 -6.458260445760195811e-02 -2.169445195031546036e-01 2.206483948078729329e-01 7.072490280779326899e-02 1.241950942960973053e-01 -1.582758498291744753e-01
4.341577840925692905e-02 -8.474152754196887516e-01 2.745464839723594022e-02 -1.008127418020277194e-01 -7.482084487831433539e-02 1.161531836796460965e-01 -2.449006073427831970e-02 1.240051406633812248e-01 1.006117455099074659e-01
-3.576049202117498882e-01 -7.386068198024451359e-01 -9.469042095480252608e-02 4.080403499034977212e-03 1.283462517888942778e-01 -1.142406674851980802e-01 -2.650238210947688210e-03 -1.395290480568500968e-01 6.520531804802527989e-03
-6.375159722607874890e-01 -4.580936523012982264e-01 -3.347375223839278713e-02 8.192779186511395598e-03 3.217075293239979317e-02 -1.123476435969356230e-01 -2.190255848051333443e-01 -1.792813726521731432e-01 1.059273112765318769e-01
-7.150782843337852857e-01 -1.404942162930161997e-01 1.812971240287795938e-02 3.375513765945859640e-02 -5.015430241199652500e-02 5.882915424583425729e-02 -3.644371838458875246e-01 -1.576050073970070298e-01 1.267375061509865841e-01
-6.201557782602781232e-01 1.693201736012406589e-01 1.288278317995477096e-01 -4.981645520519292075e-02 -9.404952559372410648e-02 3.109072351446862670e-01 -4.105405792942929954e-01 -9.595428787964850603e-02 3.432886227690937209e-02
-3.269733854251039018e-01 2.353075222593816462e-01 1.713571004806088982e-01 -1.342061471920340254e-02 -9.252078412873289415e-02 4.477987441009479430e-01 -3.845526252023347968e-01 -5.285024476568520035e-02 -2.243588507637335194e-01
-1.510540641301119126e-02 1.558130019534118282e-01 2.144567761566462671e-01 4.591417959203278332e-02 -1.052756329320543444e-01 6.153097767406934260e-01 -2.252077854280268576e-01 4.782592075053439945e-02 -3.676542823457022990e-01
1.066471588058390402e-01 -1.030803178996579361e-01 1.424785103705739076e-01 8.550486989021363615e-02 -1.326923578360731937e-01 5.191053001405602219e-01 -5.289848049460332824e-02 -1.277607521199846351e-02 -4.360719032528355688e-01
1.651208881820440677e-01 -3.611366529684980620e-01 1.620688298217966283e-01 1.582595379637242450e-01 -1.638951121937239352e-01 3.880866502531150619e-01 9.730316224237500755e-02 -3.096047311458412568e-02 -3.745440623042149419e-01
1.277342817317597412e-01 -6.914812281968175656e-01 1.222573171933422631e-01 1.942492896121280344e-01 -1.628257078783183764e-02 2.548711551256229169e-01 1.506577556070862745e-01 -5.795544320417540807e-02 -2.631251928968945664e-01
-8.368964861917263520e-02 -7.827004227712648365e-01 -2.522406862225342813e-03 5.193962665361050862e-02 1.373301886839034258e-01 6.745834056619569308e-02 7.268172806491542126e-02 -5.964889811625796040e-02 -1.237458555541049443e-01
-5.549546081618326188e-01 -5.356300434450059766e-01 -4.816372198104452995e-02 2.646010223180759735e-01 1.200861620516434497e-01 -1.399818670437588952e-01 1.984195149694161775e-01 -1.421840031743142607e-01 -1.379325066639513764e-01
-7.931927084160136365e-01 -2.832908547188658921e-01 1.469659369273976571e-02 1.268785729301828979e-01 -4.734752106237452053e-03 -1.262703849844625803e-01 1.855005178299631852e-01 -1.076639807277884747e-01 1.082788362624897624e-02
-8.376906679712006198e-01 -3.343628971189422511e-02 7.671042350088201622e-02 3.142166075230308584e-03 -1.163411205462915321e-01 1.128660589243735551e-01 -6.730491251295309119e-02 -9.142627795952783243e-03 1.374333625439445317e-01
-6.719338015407587683e-01 1.121820125964232417e-01 -1.884315985654346631e-02 -1.196440078956077929e-01 -1.134870272093881083e-01 3.979956683317891764e-01 -1.315384210129090792e-01 4.991796724146814468e-02 8.548803211511590838e-02
-3.375517379280892349e-01 1.650232581630801942e-01 -1.757353324961972996e-02 -1.283478174279965578e-01 -1.212851449708868962e-01 6.502505837394264576e-01 -1.190082116825926378e-01 1.373252919096208113e-01 3.045225744127520815e-03
-2.766092226402713100e-02 1.439884593719307493e-01 -1.327138749843117735e-02 3.701126203009743459e-02 -3.320424905752705769e-02 7.642713914753701543e-01 -1.269826575453739670e-01 8.014592782318313846e-02 -1.942545411069001027e-01
1.638345887873012552e-01 -4.120997968007396317e-02 1.380097207619967493e-03 2.407002668974020931e-01 -3.043720120985581035e-02 6.687270427657350247e-01 -7.743471984113721451e-02 1.527672242807487889e-02 -3.096125353154134396e-01
1.544859712282264652e-01 -2.479878993471083537e-01 -3.423609908318647494e-03 3.981359740159109428e-01 1.222825343673436191e-02 4.129509212187181255e-01 4.273241249058578467e-02 -1.011354875622059307e-01 -3.643943688984845886e-01
1.028689604608349628e-01 -4.639656866796049162e-01 2.509234568717655031e-02 4.516742375388231312e-01 4.785136814687362267e-02 1.872413179250028425e-01 1.061630968401724162e-01 -1.419554037392150303e-01 -3.219508490499655151e-01
-1.713252555335802174e-01 -6.080907348370010457e-01 -3.236552274777777100e-02 3.505501061029120402e-01 1.785054964549565581e-01 -3.696521321872023313e-02 1.439892123743593544e-01 -1.305334572185450903e-01 -2.324110718599367853e-01
-5.033285598269735539e-01 -2.048204230801173586e-01 2.362816823896028706e-02 4.737071600239949332e-01 9.748952052183276762e-02 -1.783972043277338160e-01 3.400840864671665909e-01 2.520243037615783888e-02 -2.198086270704034673e-01
-7.134686912459670127e-01 -9.641310671685611455e-02 6.399919854315917062e-03 2.572643077946418777e-01 2.811067786509861138e-03 -8.173712683706170490e-02 3.639739649472558125e-01 1.489603107141467819e-01 -8.333048999669501189e-02
-7.623801250431414545e-01 2.764637084979154049e-04 -8.399193477335337166e-03 -2.043414473799698081e-02 -3.479887427954731632e-02 1.287461916032142106e-01 2.639503032957198903e-01 2.509925916200684282e-01 3.715407645222821437e-02
-5.574980816120823635e-01 9.946016084230932530e-02 -1.337174886001198382e-01 -1.673168543676103182e-01 -7.051230929695999350e-02 4.500821931209679772e-01 8.166737263508988542e-02 2.804007810897431452e-01 1.263961715023912968e-01
-2.512134504900204734e-01 8.355426214562135245e-02 -2.845409044563603218e-01 -1.714225878743686204e-01 -5.352874000085258710e-02 6.572854421502160038e-01 1.173203295627030761e-02 2.603672314733680437e-01 1.354765745181551739e-01
-1.886153803953800542e-02 1.427622547705320322e-01 -3.382088055319394937e-01 9.314523364925827997e-02 -4.016535283767345282e-02 6.891118121300112698e-01 -1.074869038633043672e-01 9.768937013227528554e-02 3.382561564591560210e-02
1.480812381149860246e-01 -3.655643918843119733e-03 -3.051246679655303939e-01 3.424402972299605552e-01 1.776434560671348584e-02 6.039928584290785718e-01 -1.006984909311263443e-01 -2.513737117505595794e-02 -1.084470939430550174e-01
1.956298069718707677e-01 -1.222833141054112810e-01 -2.120423449281651773e-01 5.760314447679439898e-01 4.829023567042166343e-02 3.702645778750072170e-01 -5.402820436343497984e-02 -1.648293080723294279e-01 -1.948079105755513019e-01
5.887660804282841831e-02 -2.075639598969246935e-01 -6.745151038206245730e-02 7.017315699993542655e-01 8.598624930558326773e-02 7.341605438358195235e-02 4.764494760645023724e-02 -1.411922895746014484e-01 -2.685781465777951627e-01
-1.997998182559407032e-01 -2.619422560580484394e-01 -2.384214492557461262e-02 6.599171284722956665e-01 1.244443046853411644e-01 -1.199958604611925383e-01 1.477895497265186708e-01 -5.330805217822891934e-02 -2.646582687073236739e-01
-3.301769117901829920e-01 1.935705255710052156e-02 1.109633722161277869e-01 5.356771853451092191e-01 3.098957970623522976e-02 -1.597166919202360480e-01 2.473451871397920609e-01 2.785353749339393725e-01 -2.208262175532588745e-01
-5.380714391122918272e-01 4.933432558069663493e-02 1.337043895963570088e-02 2.116385974940750703e-01 1.596647334224071332e-02 -4.815905607476470007e-02 2.946173831258931952e-01 3.891543446356900970e-01 -1.596187644138528927e-01
-5.401409631917225562e-01 4.622756733185381939e-02 -7.895865313953168152e-02 -3.334583800012371618e-02 2.211132374209678897e-02 1.378675334484950332e-01 3.309808208050892819e-01 5.249446293499437921e-01 -8.902012005204992806e-02
-3.359733741333942869e-01 -2.756741460453771345e-02 -3.176738250198077318e-01 -1.895018242987134560e-01 2.953863906165999156e-02 3.637476139324715696e-01 2.169280446098953152e-01 4.684702654447021608e-01 -1.552929875469994878e-03
-9.273347401793616274e-02 2.968981323345804002e-02 -6.140886817404687115e-01 -1.520334220944327408e-01 1.406456537989925898e-02 4.897739438488005748e-01 1.342554964208604873e-01 3.038143795404512626e-01 8.333453229326442946e-02
5.575775230975617974e-02 1.836576669889217889e-02 -6.619284603659112420e-01 5.556142150161723359e-02 -5.555098076244371214e-02 5.075785438671235328e-01 6.200353708156234635e-03 6.112856368582150757e-02 8.731995922038510161e-02
1.330523901179532786e-01 1.978619481217406759e-02 -5.962279994720097731e-01 3.629913333448446244e-01 -4.196942506152487318e-02 3.714337844816401057e-01 -8.102468183306466010e-02 -3.526367283906280820e-02 5.486409709129570766e-02
1.209817746249024634e-01 1.038820513991764796e-02 -4.278005814403702534e-01 6.741804404737584688e-01 -9.466026671394812964e-02 1.382968810282678152e-01 -1.504367422826404788e-01 -1.766635590242145726e-01 -1.232954151072026411e-02
9.501094552003319432e-04 4.634406446839769295e-02 -2.160734066200206971e-01 7.895224535431745183e-01 -1.575827121867668171e-02 -5.624640560490193342e-02 -3.547768859678809839e-02 -1.596568749975608992e-01 -8.922041183953578758e-02
-1.416597998927694724e-01 2.186340268957115765e-02 -7.121076638060139935e-03 7.300591006210560563e-01 2.518879603618035326e-02 -1.497889871205658752e-01 1.050440936396243308e-01 8.182704733600543179e-02 -1.288670450296048042e-01
-1.484843397662236331e-01 1.028107539471671134e-01 8.254742844273010860e-02 4.350669876944014414e-01 -7.832639437635190161e-02 -1.356151196051951224e-01 9.137007889576063968e-02 5.155085307516275028e-01 -1.242568698502921620e-01
-2.336237928097545657e-01 1.347038187717315427e-01 5.963627824292463270e-02 2.524798676031970168e-01 1.126717098208975948e-01 -1.128580004115222607e-01 1.703655817482849222e-01 6.021584594182012307e-01 -2.577281097494261708e-01
-2.134327812217030329e-01 2.681226486298293396e-02 -9.907563632282892496e-02 -4.672730286533896549e-02 1.333443291566407951e-01 -2.244105243251215756e-02 1.807267055093511876e-01 6.395932224594106374e-01 -2.535704197620498035e-01
-1.305224227609137755e-01 -8.378741751133202131e-02 -4.218907573040210357e-01 -2.252322158923033557e-01 1.469558701392522093e-01 7.587646587096753825e-02 2.098947864266810792e-01 4.943382960051174169e-01 -1.316722029103916392e-01
-3.181685703261704495e-02 -5.287192296698719346e-02 -6.609007023117704493e-01 -2.152123153131152156e-01 7.821161476748851593e-02 1.587442128813253417e-01 1.573793861438002317e-01 2.626692479360259180e-01 -1.165553994798067539e-01
5.465660336244625161e-02 -7.452218658242042160e-02 -7.824270044019376869e-01 1.729148305045746922e-03 -1.291977279662281097e-01 1.765339385606037037e-01 3.835175891139158688e-02 4.285525993298552883e-03 -9.862485527782441710e-03
8.905939877191312859e-02 -5.955972581552648401e-03 -6.439952744484528369e-01 1.940151475310145091e-01 -3.034132631346738718e-01 7.127987240627434162e-02 -5.775450889870590437e-02 -1.255857204801256455e-01 1.090299221068671554e-01
4.820592106594458887e-02 5.644892036517144829e-02 -5.101451995536275819e-01 5.161156762517767893e-01 -3.650571695285556584e-01 -2.038748830837719406e-02 -1.318541456044656779e-01 -1.205994749122818871e-01 1.876663958509391938e-01
-1.524233849588735833e-02 1.101297684718180736e-01 -2.242904287850772671e-01 6.798137642919300783e-01 -2.812617882119748947e-01 -1.219629719360335735e-01 -9.325378384570104373e-02 -6.267093264045755369e-03 1.458422908174857868e-01
-9.025850106736076073e-02 1.090485211510672792e-01 2.120761417204194282e-02 6.390011464992385593e-01 -1.896876578056124474e-01 -1.876276279855313978e-01 2.043357335220798848e-02 2.698966744119968841e-01 2.447525749181548443e-02
5.371406458532720918e-02 4.301159431420111673e-02 2.097061554600203881e-01 3.312254189140552696e-01 -8.890210529901657055e-02 -1.140857873072242679e-01 -1.690618759390085657e-01 6.012958005648690873e-01 1.115990922473472299e-02
3.510588361354901460e-02 1.043779914284582722e-01 1.036090843364242259e-01 1.983870696372347087e-01 1.036045478992055485e-01 -1.310324251967715237e-01 -1.202180210976105251e-01 6.921111989235301243e-01 -1.988989693645997758e-01
-2.164605799062806549e-02 3.112678381851139917e-02 -1.525831505138924848e-01 -6.028038329750446539e-02 1.878428633680240545e-01 -1.802571351856586956e-01 -3.556728585735409454e-02 7.075070889361166904e-01 -3.095696340586161499e-01
2.849397355375659496e-02 -4.934458524662633377e-02 -4.520764518010456645e-01 -2.229241235868817672e-01 1.560145489472883618e-01 -1.536920412891496779e-01 2.053006094405409807e-02 4.674589932116202107e-01 -3.450424567930573949e-01
3.703103277702017582e-02 -5.401568189002335652e-02 -6.624136841760684957e-01 -2.479230975582636387e-01 5.988560785947932147e-02 -1.246211520181502025e-01 5.766796973317192543e-02 2.294013541205525974e-01 -3.555870686249310575e-01
-2.762847154729332691e-02 -2.716000795345354518e-02 -7.168453728586542395e-01 -1.208533528001694141e-01 -2.947234015815440866e-01 -1.358504733632160955e-01 5.938563058059857097e-02 -3.335022496591213276e-02 -1.570872409068303499e-01
-6.465736361912086594e-04 -1.147075738315848220e-02 -6.116949047046739141e-01 1.479381293854268621e-02 -5.235491262566447368e-01 -1.347109533706571660e-01 3.132479531795628186e-02 -9.667220007847979191e-02 3.451522014642949276e-02
-4.838041135220629008e-02 5.775336886797535069e-02 -3.947557916077689133e-01 2.584569879003570936e-01 -6.203759279413267880e-01 -1.481410768609072726e-01 -1.991249958360422762e-02 -4.079752859169288870e-02 2.329103863655951345e-01
-1.104040799361359626e-02 1.424899923609903307e-01 -1.262891410557545613e-01 4.305673768749705976e-01 -5.114533226025654855e-01 -1.806049491443383337e-01 -1.416754384714285775e-01 1.327132352393870784e-01 2.645483796874948390e-01
1.259657736174273068e-02 1.194450029677178726e-01 7.875665120180214140e-02 4.877220200092295954e-01 -3.101562967493647349e-01 -1.408889006176164693e-01 -1.995385940518841494e-01 3.843032268240076932e-01 1.862227840837295534e-01
1.098459390271383090e-01 -1.161011317310881724e-02 1.371694030151591193e-01 1.911823518240092779e-01 -1.023416072801830584e-01 -8.324724823963351727e-02 -3.103592254033812337e-01 6.343656496832259517e-01 1.427148755047143447e-01
7.363037147068444976e-02 1.001241173388809670e-02 4.953363922280094866e-02 9.089325174610581037e-02 1.541426287469266632e-01 -1.446657408936873890e-01 -3.299974776175302882e-01 6.261642556821236383e-01 -8.949093593832341265e-02
8.746604344071827464e-02 3.021098563842867027e-02 -1.531121617521695455e-01 1.919557600781479287e-02 2.288087283420774387e-01 -2.725957041200068320e-01 -3.253828069197940431e-01 5.618200759002827116e-01 -3.385914439553309729e-01
5.747177656802088946e-02 5.467651067002855109e-03 -4.112293746190228694e-01 -1.469171991174649528e-01 1.641201093440374237e-01 -3.640308064345584849e-01 -2.054383330811002106e-01 2.804347804125483234e-01 -4.899258699517902715e-01
-1.572526096647764229e-02 -2.282044887143797399e-02 -4.677083651813040421e-01 -2.528410104030466288e-01 -2.436438803879326098e-02 -3.483998837318330599e-01 -1.549871154399132082e-02 4.954125036244817065e-02 -6.259371291881372645e-01
-1.048030344114206786e-01 2.649872465885085016e-02 -4.395903367245241888e-01 -2.230246635496221097e-01 -3.989783095887469710e-01 -2.955016514785780979e-01 6.956336707938036434e-02 -6.812978207964770494e-02 -4.428747603662165910e-01
-7.203014348839950620e-02 1.421229692697188046e-02 -3.277590137590049024e-01 -1.395642590156578322e-01 -6.953018684442393571e-01 -2.483884917726111308e-01 7.487654231233162316e-02 -2.266110215509309009e-02 -1.457855293785816075e-01
-4.631792984429463494e-02 7.791349662712685441e-03 -1.259430933855578139e-01 3.497002289594351027e-02 -7.813703159592543246e-01 -2.023997661031335382e-01 -5.737637217553533640e-03 4.300606173513466662e-02 1.197681350606847744e-01
7.151393179731217742e-02 -3.525021494900795055e-02 1.159032287113685895e-02 2.066001857506646056e-01 -6.729145955433292192e-01 -1.102322270049441583e-01 -1.605193134958638190e-01 2.854146898069448990e-01 2.950361026559651934e-01
7.722813903493216947e-02 -3.315714444942337302e-02 1.631899183750905591e-01 2.408317634656044204e-01 -4.602675398104547622e-01 -6.971154548751447300e-02 -2.602458697512500807e-01 4.878081448676622744e-01 2.497361990591075442e-01
