-3.466169395583440949e+00
-1.658137650367782934e+00
-1.754538121847346144e+00
-1.229249244075545811e+00
-5.201711574598621990e-02
1.396513867878889981e+00
1.072808784810242999e+00
-9.289495804182741345e-01
-9.592919023801174117e-01
-8.424688093400695132e-01
-2.203540359826346329e+00
6.814842637316762541e-01
-5.129321510170093967e-01
-1.146193459433182404e+00
-5.305239461947308666e-01
5.962104622575107454e-02
2.773292911388353099e-01
9.764421728498077213e-01
-1.131334274735293244e+00
-1.784098741512495812e+00
