-3.503743553866484728e+00
3.107154606014734255e-01
-4.034511500746032375e+00
9.732044349664968896e-01
-6.645844347121443452e-01
2.485003361560335300e+00
-1.173333512111196297e+00
3.753992949786236544e+00
-5.234246153919281941e-01
2.274029103898903337e+00
-3.510373401311162489e+00
1.662671951025024963e+00
-1.560261729854191426e+00
2.071129704007374617e+00
4.537462344005520065e-01
-2.165143775597690445e-01
1.101877386055241798e-01
-2.297803087412765954e+00
6.125004135619851020e+00
-1.834070466899471841e+00
2.016176105669760243e+00
4.728902037671410818e-01
1.435852643055516020e-01
2.107357273956284305e-01
1.570481461776806753e-01
1.149392538571899269e+00
-3.212475414540563623e+00
-6.758267408969986789e-01
3.042671146984365915e+00
-4.706100291438054306e+00
-7.729031044264691452e+00
3.087508463339342590e+00
2.936803159024532928e+00
1.004653000082124381e-01
-1.727895138659990837e-01
1.099112843918087057e+00
-6.716423182803458181e-01
2.231635675640211591e+00
1.906069854138609854e+00
9.617345453537146094e-02
1.053052099619531390e+00
1.916956436261338492e+00
2.861149972246355144e+00
-3.070825841665102196e+00
-1.291293833821481885e-01
-6.930342350099912840e-01
1.238814341203549885e-01
4.388597074165660139e+00
9.974854101339671875e-01
2.323379879204627851e+00
