-3.573282351808789059e+00 -2.874931403655183182e+00 -5.492742605448523996e+00 -2.137838674226272939e+00 -2.226945857975205278e+00 3.597948903864769399e+00 1.128858519385558701e+00 4.338484134659895020e+00 5.914026650587235423e+00 3.003910941560064440e+00 5.411705358622202755e-02 3.032836829425364478e+00 1.533381176914071942e+00 -4.117602291743030385e+00 -2.338596648160208513e+00 2.331140062419463366e+00 1.647069367833098319e+00 -3.201879468914585747e+00 6.347044265380636929e+00 5.253636537682075947e-01
2.291567406279247709e+00 3.376304422630500568e+00 2.494941234400751551e+00 9.772161031990991287e-01 1.899670242374957851e+00 -5.472262311333171425e-01 -6.004708571546466533e-01 -3.973471116170823159e+00 4.658878426044792853e+00 1.279570899253342997e+00 1.296880890167120270e+00 -6.713775634527067382e+00 -6.787737514523221050e-01 2.049259836243719768e+00 -3.531417765782897344e+00 3.027260363689817879e+00 -1.597648394698797603e+00 -1.955354395242848931e+00 1.773691770640676513e+00 -2.461860967896938313e+00
-4.676277848595573161e+00 -4.719952846905467680e+00 -2.552455908811364083e+00 -2.622222903457692489e+00 -2.316664586089474565e+00 3.376709883688289171e+00 6.726973236830786629e-01 5.191823041039010933e-01 3.923265293254624808e+00 4.173772306396207554e+00 4.556374045869251432e+00 6.319586853596565135e+00 2.143682706726242504e+00 7.282852049907618808e-01 -3.889245711584208731e+00 1.241168812873620020e+00 3.733351204366635478e+00 6.284208371957361594e-01 2.220422385986244418e+00 -2.775771891360629962e+00
-2.626550059521051583e+00 -2.698032136588071506e+00 -1.908892206947716330e+00 -7.228725793259198618e-01 -1.720301238713491276e+00 2.030979027935328585e+00 1.583145078837140840e+00 -2.163018329899188519e+00 3.029001790814186190e+00 -6.397787414660157879e+00 3.360878842624617668e+00 -1.319931020505397123e+00 3.654619933313727032e+00 -3.624449426843674438e+00 -4.072491016865528835e+00 3.816952284105905591e+00 -5.165070415056354669e+00 1.146218847500731775e+00 5.054437894758010419e-01 3.543018517646880916e+00
1.558277838368382406e+00 1.135333248478956447e+00 1.872158680803571063e+00 3.408400773494666969e-01 7.215281912182147650e-01 -1.574273508169958147e+00 -1.865432839329863590e+00 3.505815989045015346e+00 -4.367132236773256793e+00 -4.812413827569442581e+00 2.209192049393483792e+00 3.454458336292651310e+00 4.921317939412921838e+00 -1.746472972308730220e+00 -5.603018366197095368e+00 1.567147659940235638e-01 1.003846288472242110e+00 -3.229859556682487115e-02 -8.883030999343807244e-01 3.662828881525980740e-01
2.310878887198638765e+00 1.536961844180231518e+00 2.337487542341366353e+00 7.640885450358575470e-01 1.617080599087510784e+00 -1.086563566924664714e+00 -3.980517022837863350e-01 -2.603547581944141154e+00 -1.326583445023433949e+00 -8.301520027941842628e+00 -3.085725801832054582e+00 -4.446953071180909767e+00 -3.913348785357420923e+00 2.659019992604700455e+00 3.750930581804555963e+00 3.459634082507635711e+00 4.792927429833916619e+00 -4.939046697774198691e+00 -3.701279494053140606e+00 6.167192030725473506e-01
4.004669572579369619e-01 -5.306893403511757645e-01 -2.614731717230048269e-01 2.258626272983063066e-01 -5.362129138139636320e-01 -4.900809069633997872e-01 1.384327431230398586e+00 6.239067528188029232e-01 -1.842870450972165619e+00 -2.254288854197957548e+00 -2.191791110497979034e+00 -5.777548384046188978e+00 1.818213412746678470e+00 1.354439729100693490e-01 -8.346766608200818283e+00 2.979015503618028138e+00 -2.613158505720541758e+00 2.377816824788999472e+00 5.060014716467979845e+00 4.930351110883358423e+00
-4.465725229747421032e+00 -3.933218761397260010e+00 -4.310285282467236634e+00 -2.575043026231469856e+00 -3.171114734701228066e+00 3.430461404937856784e+00 2.857024794298222758e+00 5.273161208179503179e-01 5.066386142579765384e+00 1.588306530714602482e+00 2.788942183651754281e+00 -3.127622654372685940e+00 -1.126031125534268984e+00 2.588093657924790847e+00 2.287666393670610698e-01 3.873870490416942314e+00 2.131366037464391905e+00 -7.545575828589507594e+00 1.961561383115253188e+00 -2.970689091722133579e+00
-3.504722231823484968e+00 -3.896245481779551323e+00 -4.550992959413148853e+00 -1.295123589573669687e+00 -3.896777332934137750e+00 4.508172100998281806e+00 1.231671274484415823e+00 -7.225168387736194964e-01 6.209978398104470720e+00 -3.880127478673256025e+00 -2.089621031512838734e+00 6.726666425812204864e+00 -1.999299044595697517e+00 -5.820356023932963252e-01 8.696854142382607344e-01 3.642741113085806948e+00 -7.586409849966921914e-01 1.216080058528327568e+00 2.201642647442143108e+00 -6.283675001405280014e+00
-5.449078158778125625e-01 -3.811066182520406742e-01 -5.148361970857101566e-01 3.703107939269860149e-01 5.810652332341789128e-01 -2.335441412650910209e+00 -5.866882789218363925e-01 9.300460505337245110e+00 1.260192028342551618e-01 2.017285636302064145e+00 -6.693480312713068869e+00 -5.590326734834937028e+00 -3.962995700028729917e+00 4.274295427257952973e+00 2.861927484291376445e+00 -2.355670156113192970e+00 -1.171462463197570525e+00 1.707307781519955769e+00 -6.479263785801632203e-01 -1.903714926382224393e+00
2.970219883418570905e+00 3.685222161403358676e+00 2.242454782782405065e+00 -4.554027617508722009e-02 3.196636786480711923e+00 -3.508765084256736166e+00 -1.098435211046149718e+00 -7.782392588581194204e+00 -3.967745554405008424e+00 -3.874844374268902492e+00 2.470310504011328678e+00 3.664199073052726296e-02 7.138634283139558834e-01 -2.111619380654440103e+00 3.805595354359491367e+00 1.903255703618335293e+00 2.422681504833894106e+00 1.823775514202339298e+00 1.412035297306410087e+00 -4.884559163212301769e+00
-5.618403295513325624e+00 -5.536476680093178615e+00 -5.907074999135582871e+00 -2.811709810270946353e+00 -2.310055514195063164e+00 1.339285693593545767e+00 1.709293149828945646e+00 3.327354326152422104e+00 -4.147408077431490092e+00 -3.229097667717949482e-01 -4.034609126640228638e+00 -7.520822283224247728e-01 7.275320429553078228e+00 1.895658374809273017e+00 -1.019432356937491457e+00 -8.201480900384025219e+00 1.458096075456190466e+00 8.184535804243199264e-01 5.358300936069848142e+00 -1.987839703241053746e+00
-1.492853045121203870e+00 -1.216615682986448066e+00 -1.261216591522751340e+00 -3.069020010299816636e-01 1.438839670995942233e-01 7.064372047485382167e-01 -8.226653133440151588e-01 3.520639998095740797e+00 3.208329631980676222e+00 3.877234019415653155e+00 -4.160566118432898364e+00 -6.777052176767397462e+00 2.951294082356449522e+00 -4.839465450707597149e+00 -2.649781589758138267e+00 1.678131693002727909e+00 1.112193796283558855e+00 -2.853160222658135403e+00 -4.596144436004510503e+00 4.494294092155185716e+00
1.694076474719079961e+00 3.114797147308157488e+00 2.337721639378421035e+00 -1.648107573150462968e-01 1.526059047382107847e+00 -2.064164103631825231e+00 -1.116531156638115863e-01 -4.300332606674318603e-01 -6.295736526398177269e+00 2.881253257478250340e+00 2.768256539721138054e+00 -9.819514798221888885e-01 1.968909870849058885e+00 -8.191206276100462702e+00 -5.234744338807012509e-01 -4.528781466745004813e+00 -3.794365790386214687e+00 9.028833039007375660e-01 -9.181944472237978383e-01 1.217271804265670276e+00
-5.626677758985592526e+00 -4.083553382608613447e+00 -3.034271336520041551e+00 -3.564543679937512088e+00 -2.930915766028320046e+00 4.081239614872205657e+00 1.848349672108954289e+00 -2.615277412273143920e+00 -2.517432449954633888e+00 2.045266382727489951e+00 -5.331631170311098344e+00 6.185064406692343475e+00 8.011534367176825766e-01 -3.174703465305372951e+00 -2.360043214152917290e+00 -8.366884456129649594e-01 -4.007953462801753908e+00 -2.024234042099848363e+00 -7.030241780101861293e-01 7.715186400450355642e+00
-2.165107782918854529e+00 -2.768095399140081181e+00 -1.970676908563324226e+00 -2.445842006570231320e+00 -3.506618509138049317e-02 1.726212117658162848e+00 -4.999324858013811657e-01 -1.851615083219044333e+00 -1.100062121226387107e-01 3.997481373191056786e+00 1.803275385837780798e+00 -5.176155776332247882e+00 -5.228790637547782616e+00 3.716977842084417949e-01 5.778250959181278290e+00 -4.009616666104167670e+00 -4.074300329219614270e+00 2.984809511521205216e+00 3.318332362778652733e+00 -5.156520043126456621e+00
-3.239643126046964028e+00 -2.522399644843207334e+00 -1.711124225415947775e+00 -8.045751145238583257e-01 -1.102972263558719801e+00 9.335099819271881483e-01 -9.646664034209143090e-02 -3.325286670746893103e-01 2.710353307614963736e+00 -2.525644178778339022e+00 3.542784186326991769e+00 4.725248272554570583e+00 1.043864740855260376e-01 9.909906152661664969e-01 -1.251892484324153676e+00 -1.370884206024201579e-01 -2.205367594857500002e+00 -6.725517191806367201e+00 -6.966454144742734833e+00 6.825888685041024750e+00
-4.392607424783504300e+00 -3.713246100719393095e+00 -4.361531243886191511e+00 -1.766373212605496734e+00 -3.148731951950277441e+00 1.436492918540980046e+00 2.268466519476391774e+00 5.142542502679057215e+00 -1.484918946603733581e+00 2.492051057376885925e+00 1.136517910475999815e-01 6.765039895546401283e+00 4.312781018644225917e+00 -7.112642820140167466e+00 4.908875995757206567e+00 -3.648948952765396769e-01 3.824960262132411692e+00 -2.464829917042403284e+00 -2.507396299863189348e+00 -1.677330515621091589e+00
-2.238519391584187002e+00 -2.781092881744694267e+00 -1.486632468010703478e+00 -2.172474212215765199e+00 -1.116994064213929994e+00 1.033210316701765441e+00 1.695566089995592385e-01 -2.920340667880998442e+00 -1.828628157841366342e+00 -5.400983420500648613e+00 -6.484929940032622131e-01 -2.193397213964998205e+00 -2.530118133827203297e-01 9.483289598616724270e-01 -5.714565717521882249e-01 4.298000127904409773e+00 3.811996749353418590e+00 4.035086577789472884e+00 3.023896069034556433e+00 5.581577575904293376e+00
4.131794918707097253e+00 3.766515409621527866e+00 3.465309823069201212e+00 1.233521347369989085e+00 3.092456732936122332e+00 -3.035088247252280880e+00 -1.177767026850290000e+00 4.061463388126314022e+00 -6.123972035630766975e+00 3.915451655066350511e+00 1.853401926481152151e-01 3.786269195680721733e+00 -1.067028367703692204e+01 2.668280294376077499e+00 -2.466906898479314769e+00 3.018233567746732682e+00 -2.430504392462880858e+00 -1.003000960384576645e+00 -1.850527763925698732e+00 1.614454363835785555e+00
-2.055904686411523130e+00 -2.325313852911437884e+00 -1.329221086667101703e+00 -3.541054854923281203e-01 -5.462380545517454555e-01 7.919872350245977799e-01 -1.221109672729439266e+00 -7.666440217889886055e-01 4.459645930277012837e+00 -2.974913335491376376e+00 3.813214872243445797e+00 2.436496263230819803e+00 -4.281956568948876551e+00 3.156929792696309356e+00 8.006925501137673873e-01 -5.356469313767593832e+00 3.060492220396178631e+00 7.582528139966762115e-01 5.745097090471574797e-01 3.240570495656778682e+00
-2.173555324507975506e+00 -2.060540670076675518e+00 -2.210857801467162265e+00 -2.078597432909974896e-01 -9.777198264248397885e-01 2.946479814680191822e-01 -2.168894161355870709e-01 1.792271813634523092e-01 -3.381776663789735071e+00 3.513816312619136628e+00 2.521985266468248277e+00 -1.063717165190798258e-01 4.210874280317669083e+00 -1.710276986860662651e+00 -6.838880823515568252e+00 -2.489072332786296027e+00 2.754363882691031939e+00 -5.161024121821855104e+00 -5.717288184725560773e-01 2.307413285170339723e+00
-3.636903546008782406e+00 -3.156420198837849522e+00 -3.082563162780509014e+00 -1.951896785767202935e+00 -3.195329319853395855e+00 1.798984342436131367e+00 1.310856693206585044e+00 -3.534746417433491050e+00 -4.759548811040423821e-01 6.935176030255524315e-01 2.748224128831691648e-01 -5.175590331467614380e-01 4.167712994671066262e+00 -2.831093607874172191e-01 2.612397715611432414e+00 -6.672420436268081012e+00 4.236401091313482858e+00 2.216872846064358527e+00 -5.246996379848813952e+00 3.195378726172169781e+00
2.271881156594787399e+00 2.281774378635815559e+00 2.862473011207542939e+00 1.402190373204679208e+00 8.479161809168659358e-01 -2.288852614874357982e+00 -1.927215296117293253e+00 5.684348992401380585e+00 -4.151166825491384493e+00 -4.205909784292489739e+00 -1.019592981135051479e+00 2.658233298918240006e-01 2.230731298087872183e+00 -3.261310083521244962e+00 -2.744212333492840994e+00 -4.187342268977419124e+00 1.749530037950369765e+00 6.168396010571318477e+00 -5.987960345070580948e-01 -1.389711904289900213e+00
-4.816258913654106522e+00 -5.950688613465518806e+00 -4.815776293608304393e+00 -2.615511762864025425e+00 -3.673132595919752941e+00 2.748286046568904961e+00 3.278433691994653287e-01 -8.704725764244742869e-01 -3.544623612604676399e+00 3.505242785543996931e+00 7.693342485372943740e-01 -1.426065693508727250e+00 1.900260600306929448e-01 6.607243038964182524e+00 3.783879637615520597e+00 -4.599537517276100829e+00 6.477121511994797798e-01 -1.362255029186296040e+00 -2.852788532688356415e+00 1.635282635994568246e+00
-6.151840610324655678e+00 -5.457343905181853749e+00 -3.889906548558529131e+00 -2.966197988493798121e+00 -1.473455319859631851e+00 2.126593183072661208e+00 3.380293575338788603e+00 -5.571828021144862753e+00 -2.514603853615276496e-01 2.124626585022237446e+00 5.660659752244866283e+00 8.980654254726806451e-01 3.018799155279241475e+00 -1.033109709576511159e+00 3.901567503072822074e+00 4.675867985127221793e+00 -5.470716247006746968e+00 -4.754760972239402861e+00 -5.086800925907237758e-01 -3.777594263666592234e+00
2.540896419438522180e+00 7.294111291956481002e-01 2.248393611146315862e+00 1.147604570985069961e+00 2.983502662424138308e+00 -2.749352339031844839e+00 -2.678389183399668028e+00 -3.495077260752599724e+00 2.514544082310830042e+00 -5.414301960797731184e+00 1.217220708508159221e+00 4.473169494162191562e+00 1.609382077611485107e+00 -2.762024666621681668e+00 -4.818643590847642599e+00 1.918837774256941131e+00 5.133355996375154717e+00 3.480602223015729191e+00 -4.328791322472545389e+00 -2.879286106970964099e+00
-3.635455269771312725e+00 -2.291878568101758606e+00 -2.342372504946194312e+00 -2.592383950368200907e+00 -2.662934789253498469e+00 1.547228668304303723e+00 1.376270501398944912e+00 -5.175847696187356739e+00 3.549799802142493688e-01 4.024427979696771907e+00 -3.116000728276351328e+00 -2.535471241371227702e+00 -6.408911280065557214e+00 3.756432974550314441e+00 -4.171214917467393590e+00 3.069934692383228025e+00 5.962959924386169952e+00 1.790499879453883114e+00 2.230012068035548134e-01 -6.706862581812912394e-01
3.179145826563795629e-01 -7.975301226528895560e-02 -6.521913591836996371e-01 -1.007076057289394644e+00 -8.854055298093819193e-01 -4.812974867146808111e-01 1.613349403846591423e+00 -3.075271220050380894e+00 -3.781279522803284276e+00 8.985974539630511293e-01 -3.008426174069529502e+00 2.480316114030120533e-01 2.852255162993366344e+00 1.567456246147505006e+00 3.594299808360737813e+00 6.083734889089835285e+00 -2.898850277757078597e+00 7.233934811026967004e+00 -3.788344692245086520e+00 1.380345217341181208e+00
-3.052465556875930464e+00 -1.730435450596119695e+00 -1.094094380454826654e+00 -5.024622777290584930e-01 2.032964513456241296e-01 1.222666226463032579e+00 -6.048688442608048943e-01 3.166777325946539712e+00 3.426100168897126430e+00 2.982604171570284457e+00 3.226526682932256307e+00 1.421646215107674749e+00 3.414622776765685597e+00 -6.063201181336747680e+00 -4.062625673787878533e+00 1.403928292790554755e+00 -4.648082650565678264e+00 -2.570021150284580003e+00 -3.752499574269266169e+00 -6.440326617350348393e+00
-3.167516696663351672e-01 2.331094615173481266e-01 -2.025990743432728447e-01 4.225055933698175226e-01 1.981206342417545646e-02 5.593162125474500368e-02 1.615784296063014436e+00 5.012296228990832603e+00 7.556193236799306767e+00 1.797330114230547116e+00 7.285809212158303461e-02 -8.730775110373312220e-01 -1.520876984371750895e+00 -7.324187943732852757e-01 -3.534042615557016820e+00 -3.970775443023383033e+00 -4.077130690272885438e+00 -6.776640471511834463e+00 -6.580397894065313835e+00 -5.848993500899203113e+00
-2.897519242149428909e+00 -2.967365733035383091e+00 -2.293466125311563797e+00 -1.580984002341887740e+00 7.002758866271000526e-01 6.772549609163074358e-01 -2.247245576608915274e-01 -1.715479804639296280e+00 3.870620950491682866e+00 4.244283664262932909e+00 -1.118114817090484436e+00 1.706039852619334052e-01 3.807790902948305689e+00 3.210220798447419366e+00 5.422249499971224296e+00 1.661584872403830904e+00 -6.076777298031386110e+00 1.626931658853312479e+00 1.560640626409385279e-01 -8.814175848308640759e-01
2.404193169683668696e+00 9.535904796566325725e-01 2.915061853687338722e+00 -9.993812361667955835e-02 4.044207889627671193e+00 -3.309318834748854243e+00 3.795712829909623220e-01 3.087339612650246701e-01 -4.696965234246322396e+00 -6.191652474906987003e+00 -1.729161556569488223e+00 5.662503807244548604e+00 -1.007154607598446550e+00 -5.327504825609338468e+00 2.377898693944661357e+00 -4.372105605352215818e+00 -6.162178396063342944e+00 -4.208122938531316248e-01 1.592739330977937184e+00 1.205223596153905286e+00
-3.545530625302458549e+00 -2.538351647021157120e+00 -3.367569724881831927e+00 -2.353051277173455080e+00 -3.377214664810963107e+00 3.092840653668328610e+00 1.849869292629155781e+00 3.446494443835234289e+00 -2.096366065691304126e+00 4.351985835560363558e-01 6.390424377169185988e+00 -4.860747802424770114e+00 -2.408512110657756722e+00 1.863445226002226507e+00 1.196085007738100225e+00 1.810522673707651575e-01 -5.388496325402676312e+00 1.819469296271672087e+00 1.274953780843394835e+00 6.725921046924953073e-01
-2.495801371249608103e+00 -1.610730570167739240e+00 -1.771253834394628246e+00 -1.688414288948783204e+00 -4.558990432415980787e-01 -3.451513232226437466e-01 -1.448668575208843734e+00 -2.498246443790219207e+00 -4.146694657219092139e-01 -1.757442646007491838e-01 -6.104824572037739205e-01 -3.242703904001605353e-01 -4.730494705316921511e+00 6.544714997935930256e+00 8.955705626963795796e-01 3.949013560497161457e+00 -2.822046708237123447e+00 -7.462258857868254935e+00 1.949732457912262795e+00 -1.040833079593646238e+00
-4.301359193432813477e+00 -3.388380840684210860e+00 -4.761758788710127810e+00 -1.769565727697796742e+00 -1.350378439421508814e+00 9.090946662840563297e-01 2.237870950315229202e+00 -2.140408062252282750e+00 -4.301812368357078142e+00 8.467587486487353488e+00 2.697567184029716181e+00 1.030506215265251990e+00 -3.650266942100352630e+00 6.113310108583801528e-01 5.125609663733949883e-01 -3.867245038818354796e+00 -2.378092898287082202e-01 1.878218338579000335e+00 -1.907213595365303771e+00 -3.817433692943142720e+00
-4.724409407129568805e+00 -3.921648676856980487e+00 -3.595806791865260976e+00 -1.592310805436918608e+00 -2.047238382062366302e-01 8.843193796179864563e-01 3.335311562264837160e-01 4.678349403820790897e+00 3.900085263366073196e+00 -2.645363355901137470e-01 -2.355650935475090080e+00 4.456641795280293361e-01 -7.645651643417098242e+00 -2.175276533072050711e+00 3.044449590037840547e+00 -5.497141650938287327e+00 -2.806668819972354623e+00 6.140787124466197400e-02 4.059234762554663867e+00 4.223526963118590771e+00
-7.568658983141663965e-01 -1.193678478310900015e+00 -7.276194424385722392e-01 -3.915413724768810333e-01 -1.536929679753413103e+00 -6.847223273109954711e-01 2.464324905801393406e+00 -4.678850301054857219e+00 -8.258110922678009169e-01 1.449975625517288869e+00 -1.223348062689311400e+00 2.932442783326350555e-01 -5.658439588684239380e-02 2.390506320172422594e+00 5.854682281272453714e+00 4.540896367255958133e+00 -5.596452789785620885e-01 3.839289562708359416e+00 -6.907919907767962719e+00 1.040964400689563973e+00
-4.923495603257149078e+00 -3.470188982087836660e+00 -6.124500042579919423e+00 -1.466230651294113008e+00 -1.063477281520690099e+00 2.369479803776657345e+00 1.207248321577970795e+00 2.329119494269410673e+00 -3.364117600854604206e-01 -4.033755544766946421e+00 -5.040251596458971584e+00 -7.056187215645724764e-02 1.900419967239407038e-01 -6.541425572509946385e+00 -3.377154777979024525e-01 7.567566990311372366e-02 -2.341347044307868330e+00 -3.542882717071267340e-01 7.089439999477598953e+00 2.892785965171887685e+00
-6.776596277978695682e+00 -6.597117871834840663e+00 -4.043700133180660572e+00 -1.495073130445785825e+00 -2.008063895236384067e+00 2.318795157910791715e+00 2.977123132431920727e+00 1.707983501554470207e+00 3.961608832972046024e+00 -2.858552709502266698e+00 6.362122764128636199e+00 -1.566805290776467352e-01 -6.939799465274698598e+00 -2.770218592573248984e+00 -3.056631991131916859e+00 -2.667345961699234103e+00 7.091899113785478548e+00 -3.148028881770386533e+00 -9.066178001444776813e-01 4.593531077868974855e+00
1.391613288414182081e+00 3.215994993261261481e+00 1.170230735340078043e+00 9.085581194903165070e-01 -2.184323034908435823e-01 -7.902446761061463487e-01 -1.059265518891191693e+00 -3.462129939512075705e+00 6.478923243155580103e+00 -3.863038599976106102e+00 -8.707202524515814446e+00 1.467647478395559757e+00 -8.611867741987914160e-01 -4.809123282334428207e-01 2.336843473810663596e+00 7.619813604440400789e-01 -4.586477906470616261e+00 -2.868680006691968654e+00 1.062694423005996036e+00 1.264943605437574892e+00
-3.189203136462413379e+00 -3.915166240780929563e+00 -4.843645771034052139e+00 -1.626179850177531305e+00 -2.339607302700227986e+00 1.271618125494513141e+00 7.695809318019133372e-01 -3.942194435025224042e+00 1.022793258123113169e+00 -4.642032139924658019e+00 2.155005574650687095e+00 5.963139702068069592e-02 -7.318555264857949938e-01 3.662807210255063506e+00 -6.675872477956718676e+00 4.655492861724565001e-01 -1.524310831828400659e+00 -4.097388689580566123e-01 5.805834955455315693e+00 -2.911578484922141996e+00
-5.183107411629021222e+00 -5.631288187033561599e+00 -5.529115867486064317e+00 -3.199742309266186968e+00 -3.640305783274532470e+00 3.018908736405396365e+00 5.733351071032195545e-01 5.832012310240369146e+00 -2.846668051174612302e+00 -3.808445615895241776e+00 -2.472028097318067275e+00 -2.819783515948802943e+00 1.157397361954813908e+00 -2.214391140756792886e+00 4.649831952330762519e+00 1.474739528482269302e+00 7.478913340695002354e+00 -4.018087894960276074e+00 3.547480308627393608e+00 -5.136105856562090288e+00
3.356274663182123419e+00 3.159735734610513269e+00 3.800088872718185407e+00 3.161514435275469270e-01 1.886424693624468629e+00 -3.177672684264629233e+00 -1.779211229717633014e+00 -4.673201120570579015e+00 -2.215774506778483754e+00 3.824831056986278899e+00 -7.714194195496019368e+00 2.500172258179304219e+00 -5.196761578983438712e-01 1.805170438800011601e+00 5.175353929580694956e-01 -2.417941346941954617e+00 5.527880703877102730e-01 -2.995126545257368100e+00 7.526465806784327084e-02 2.292959963045717586e+00
1.990967375676011342e+00 2.235274851483617375e+00 3.004191138715086584e+00 3.471598698855746234e-01 1.926609321833314958e-01 -4.693578315203399409e-01 -2.819972641029316329e-01 -8.697250556760088847e-01 -3.502966128041836047e+00 -3.661289263585828735e+00 6.163057216527240811e+00 -3.920657241989560671e+00 5.589775016550500020e+00 4.631352903900924467e+00 7.975374322716162201e-01 -4.113146024111324017e+00 2.426633640697292371e+00 -2.540549466853280425e+00 -6.989953063665116373e-01 -5.580475484947864828e+00
-4.063605858843672536e+00 -5.237203951367662036e+00 -3.018221926868013938e+00 -1.228569685779659970e+00 -6.835563324750278946e-01 1.486250935755720093e+00 2.190465814076641315e+00 -5.989777878737838179e+00 3.185250993863621538e+00 2.174070199312324370e+00 3.662286068275645956e+00 7.203112865336319892e+00 -4.063618894679545512e+00 3.345035988379143621e+00 -4.576459153307574468e+00 -3.536129414929065629e+00 -2.815702598996163708e+00 4.243829144393522768e+00 4.687579814962125058e-01 -3.202797289305078898e+00
-5.323469544428516720e+00 -5.123875711409930922e+00 -5.139426981452411169e+00 -1.226166445600604948e+00 -1.446037952063150112e+00 -3.135465767834532680e-01 1.542886332984654496e+00 -1.939332379928450312e+00 -4.899344500900044252e+00 3.690068740819214099e+00 4.980444065894819694e+00 -2.702770206806320630e+00 -6.030994713411526043e-01 2.774967288712062441e+00 -3.453154417547839916e+00 3.310048415866469362e+00 9.702036696267150040e-01 6.175080650187042330e+00 -7.895853361832845252e+00 -2.147849161567118692e+00
-6.589597295787310571e+00 -6.906291060424419648e+00 -3.541947501908691454e+00 -3.347964989584132578e+00 -3.416273544212458990e+00 3.807354470398128132e+00 1.338232471396787693e+00 3.200069152867142108e+00 4.833411608100729673e+00 2.017400804012081217e+00 -4.016529948028811248e+00 -2.299269337523604850e+00 -2.115715634705784165e+00 6.245748050538064255e+00 -2.195010078377020335e+00 -5.604494643661633191e+00 2.587930215084265129e+00 2.726078933772143387e+00 -2.753939362551473646e+00 -3.431694372522102743e+00
-2.488262819140038218e+00 -5.109219435241008078e+00 -4.514180507764417705e+00 -1.841633407232782682e+00 -4.541196348871580635e-01 3.225511982522205612e-01 2.183460044232742980e+00 1.348056273697016083e+00 -3.693637629818351975e+00 4.282338438701088101e+00 -5.940973393385040602e+00 -4.393396965294869005e+00 3.486194759404123822e+00 -5.610717621019761125e+00 -2.146794266876909774e+00 2.179787219869597337e+00 3.771531231508592708e+00 -3.732705604030796959e-02 3.286731867573624122e+00 -9.483204143728704016e-01
-5.250083045963269690e+00 -4.513148406394972945e+00 -3.737555532099416045e+00 -2.664887236523353131e+00 -1.844103224394459062e+00 3.168947995369425286e+00 1.934759962717936599e+00 3.137675158718063795e+00 -1.186552056951712064e+00 -9.136194128050203478e-01 2.134963016088789800e+00 -1.211262636661360359e+00 7.347957498188406600e-01 -6.587750665012205076e+00 6.194802537466111758e+00 -3.597034473399554622e-01 -2.368576132635298759e+00 4.422561440948937286e-03 -2.633928689502880172e+00 8.176551742206646933e-01
