1.035592438374437929e+00
7.293594103991425381e-01
9.954883404486851717e-01
9.750805253688391572e-01
9.672393482996624048e-01
9.454358232384281191e-01
1.047887396786384873e+00
7.875093206645180643e-01
8.735652816035955892e-01
9.469777251645236094e-01
6.780059245219263175e-01
1.021710215310795755e+00
9.536580564276743166e-01
9.747809488884211504e-01
9.505381432782029627e-01
9.504284706284219508e-01
1.143885817209771449e+00
9.123271150450026346e-01
9.508874617651965622e-01
1.023326316391524049e+00
9.662035082096712690e-01
8.571556790895711320e-01
1.002159142686834592e+00
9.327015955228393773e-01
8.264014310629154147e-01
1.093631438713099868e+00
1.093983527949937917e+00
9.973036479936575605e-01
1.201798334108422406e+00
9.645261547568898530e-01
1.046959667739158606e+00
9.913409993527090291e-01
8.704302345473574620e-01
9.339942776370696587e-01
1.002350624712513572e+00
1.071672343507827474e+00
1.102284553783474452e+00
1.032356220860463303e+00
9.364464721110113965e-01
9.944079784931256771e-01
9.420054436223262995e-01
9.557329999503606510e-01
1.017888216205304674e+00
9.010951391665505961e-01
9.174314816445460208e-01
1.922943188949471249e+00
1.014223603518928041e+00
9.106784022483112029e-01
9.767063623409274475e-01
1.176923987045441100e+00
9.875587017699333225e-01
7.482871769259179517e-01
9.831544601556819751e-01
1.191021399512921075e+00
9.662294112913564215e-01
1.034816427790502313e+00
9.983549603894807944e-01
9.198773821306941434e-01
9.081284630118916512e-01
9.730692115910770656e-01
1.039978237919084503e+00
1.080213882600964403e+00
9.840586179400359068e-01
8.260592884063286956e-01
1.060173808780976001e+00
9.410723657622932503e-01
7.956913303201338383e-01
8.067746364646409818e-01
8.395026658909949813e-01
9.762638552781662815e-01
9.893094058425059290e-01
1.018508381988224354e+00
1.077848405736403725e+00
1.118362397399287556e+00
8.389070599984594923e-01
9.768695401045445204e-01
9.312227266218428001e-01
1.068376494314961622e+00
1.200635371344586977e+00
9.791134223316962926e-01
1.020513037292289260e+00
9.651301345010102617e-01
9.722533365193728461e-01
1.007584460069531618e+00
9.486966471466820039e-01
1.005981835333431773e+00
1.119079011479025887e+00
1.175288568666765787e+00
1.208050920681258633e+00
1.107628467145352014e+00
8.884724732497326638e-01
1.193592167645826319e+00
1.041887921611480028e+00
8.615408236496263639e-01
1.084266126196760327e+00
8.372151097585039947e-01
1.087778014353096623e+00
1.183540806600628326e+00
1.100086533470673755e+00
1.054511025782878697e+00
