1.538465529260866438e+00
-1.518615023310955318e-02
5.129413721341077176e-02
3.253038577313813878e-02
1.871612785032801818e-01
-1.219707578616792271e-01
7.131602059278978334e-03
1.615816294985097379e-01
-4.666456714429158964e-02
8.840898367044823514e-02
-1.103805209102023122e-01
-3.767587638266081118e-01
-1.585904176212780126e-01
-3.822814871368445527e-02
-3.323839320756300508e-01
2.909078904099119192e-02
-7.619485680873662459e-02
-3.859369151084794392e-01
8.585041756941914903e-02
1.677395303575360541e-01
-4.133582125592591439e+01
1.008541824728061559e-01
7.015574182071902809e-02
6.287583331074789172e-02
-6.606846010726384888e-01
-1.438983100194519103e-02
2.083828112486615577e-02
3.157572407591532127e+01
8.272572608551860185e+01
9.370828109934178181e-04
-2.588635125897162936e-01
4.159484366992867721e-01
-9.542242323820035454e-02
-2.177705307260617840e-01
-1.258991152317570361e-01
1.615183033488675757e-01
