4.790860177517797802e-01
-6.103937894064803693e-02
-1.996087663684734462e-02
-3.471122720762911396e-01
1.538172656447801823e-01
-1.200768686841465760e-01
-3.142332202246378992e-01
-2.649465527131796283e-01
-6.132297780176788719e-03
1.006796401288041071e-02
-2.617641231480743458e-01
-2.379279836731808262e-01
1.679110532552329782e-01
-3.087139450832855903e-01
-4.479791046185171988e-01
-9.735520419267923442e-02
1.124118017054273333e-01
2.192417235151106480e-01
1.230392853724462388e-01
-1.402289221916707025e-02
-3.709055649456950432e-01
-1.253280304245599497e-01
-5.160776214203309509e-02
2.212003371003493923e-01
1.730402111008330635e-01
1.388574597186763016e-01
2.751752917157439943e-02
-3.668651521131942594e-01
-2.819826982152883188e-01
-3.195035386381099851e-01
-1.610489197050359589e-01
4.625985926593252640e-02
-2.141324929377309561e-01
3.126619276951007609e-01
2.336207272124146417e-01
9.273879001616955331e-02
-2.443627386050712946e-01
-1.221589727307920981e-01
-9.680954764000311574e-02
-9.172384793389823376e-02
-2.338268390792908047e-01
2.528604696313768718e-01
1.823417083595282873e-01
1.568291958240133899e-01
-1.241740025746624759e-01
-1.977631764530834724e-01
6.151183478697506979e-02
2.103565625226265154e-02
1.608359382792034775e-01
1.936706056462629555e-02
-2.465857599070315209e-01
-5.608958382071185245e-01
-1.425356756562277116e-01
-1.523619930324741217e-02
-5.241576192750063701e-01
-9.487471646361145955e-03
3.693896418887066546e-01
2.042463552031881235e-01
4.352793293547587705e-01
2.310926593088366565e-01
1.018459517342988618e-01
6.606261118744119129e-03
-1.938097109822562725e-01
1.007982151979809893e-01
-8.566524374739481473e-02
-2.213161117174638759e-01
-8.043135742742621441e-02
9.949397665711404160e-02
3.013390334887294797e-01
2.667821245800906516e-01
8.998036587451560542e-02
3.606457761268718198e-01
1.625640660770915902e-01
1.795996526109065738e-01
3.584341865368279589e-01
-7.391661226527659889e-02
-8.676809706181123905e-02
1.636781612652296047e-01
-6.426393139759360718e-02
6.361269333486507804e-01
2.752889578655184910e-01
-3.598933849877037142e-03
2.732336382259454299e-01
-1.203772612049437175e-02
1.823253758575275607e-01
-1.874902791505625999e-01
1.056332227426369230e-01
3.460510485372664813e-01
-1.555788821872695071e-01
-3.302180259398720258e-02
2.770362823084293602e-01
8.903875669333646270e-01
1.416833403177953921e-01
-3.519726057752542991e-01
-1.324390513217114582e-02
-1.912991994755914582e-01
-2.405894261505009124e-01
1.077077017725507069e-01
2.947588108797836309e-02
1.101788585674905230e+00
