1.734266346692181493e-02
-4.886580662366974970e-01
-2.549217805415294191e-01
-5.834945313360970776e-01
-6.174287012562462706e-01
-3.678853090614176979e-01
4.166376462651681378e-01
2.765670362479030198e-01
1.756068454689670155e-01
2.752031225810091519e-01
-1.628811311811569629e-01
1.673657610439170940e-01
-2.117506527522796667e-01
-5.152204798318316126e-01
-1.262561980918029736e+00
1.667394929373627599e-01
-5.237607177508510903e-01
3.665078572958587189e-01
-2.314682608671015940e-01
8.952779755155533259e-01
1.290766199222965316e+00
-7.471631573487297340e-01
-2.249968632365499654e-01
-1.056189304354577252e-01
5.389417384514696985e-02
-4.697199599403211190e-01
2.035334480292037451e+00
2.780261356117714189e-01
4.711621274828521333e-01
-3.186774615044198899e-01
1.284747673120357758e+00
2.242167268898073718e-01
-3.101775999319769106e-01
-2.420719025568202343e-01
3.084224741406470238e-02
1.232986062143778816e-01
1.777659506378544141e-01
5.263520535214096796e-01
-6.128265913162602718e-01
-1.717197387433927469e-01
-8.740640405055732920e-02
-4.941287853523689821e-01
9.622288578801625747e-02
3.620396498523690276e-01
2.796043727520181599e-01
-3.144712068196094390e-01
-2.490710402492394004e-01
-3.168116466347983273e-01
-5.227257086191127167e-01
1.435693015104718973e-01
-5.764989398922353292e-01
-1.367775378891526450e-01
-5.640207536258259879e-02
-2.293088106065601095e-01
-1.814993276381659248e-01
1.783655198246638096e-01
-3.023915233006272407e-01
9.478289638053002397e-01
-2.712504770182272984e-01
-4.292434546976182652e-01
2.016810696427195349e-01
1.358257495498126632e-01
-4.313803928541343202e-01
3.687076351311900368e-01
