-3.356733969342290957e-01
1.813714903254707023e-01
6.712835683401938147e-02
-6.960282788343010729e-01
1.981158246039455006e-01
9.023996970037029275e-02
1.661573587923961925e+00
9.838051860188516684e-02
8.481893011244744374e-01
-3.676817963461817551e-01
-8.144528906498563758e-01
3.318419281389128200e-02
5.664210143376379181e-01
-7.338004591367334184e-01
-4.030998494468739368e-01
3.855340967377875877e-02
-1.218108114209856541e-01
-5.983835170996814057e-01
-4.408622943724687659e-01
3.585602420854483441e-01
6.548523226127997976e-01
-2.463485553110638937e-01
-1.872785105941779105e-01
1.550453236204802909e+00
1.179295526763371738e-01
-8.348114857606092620e-01
3.819567628637532495e-03
-3.986871518307623374e-02
1.298620146036559564e-01
-1.181766513401077134e-01
3.134997153982694296e-01
1.314183093420604187e-01
1.053305490717056481e+00
-2.471715682757769442e-02
1.008221213246307535e+00
2.734410895737376945e-01
9.004634521778799583e-02
-3.995649108663993365e-01
-1.557297997994306682e+00
-2.678666907243471007e-01
4.483636678016100080e-02
3.457075540711358475e-01
-2.997960102196747800e-02
3.529243773728976685e-01
1.081408989531125187e-01
2.046909088019203404e-01
-1.669601812555505382e-01
6.135118036847696521e-01
6.557059552488981868e-01
-9.460997403402972017e-01
-6.274074867851830106e+01
3.458583966658815290e-01
-2.025753186208765766e-01
-9.407314987947869300e-02
8.705255311859998457e-01
-1.630502387544696952e-01
1.343521000036634661e+00
1.533889348661071073e-01
-5.278326766984419161e-01
6.175116440270803086e-02
-4.098774772280761036e-01
4.753163634122625075e-02
1.267730021511424138e-02
-2.326985229522012533e-01
