9.769728244667807981e-01
2.410983216922518046e+00
8.390943579871199542e-01
-3.404472758441622754e-02
7.970197431489005613e-01
7.125034634352206409e-01
8.402805124711401064e-01
9.541606646122494650e-01
9.173710442732928572e-01
9.655720125127794651e-01
1.686889284146748935e-01
8.148293660026463270e-01
9.267529609651515843e-01
9.515628212358351323e-01
1.569026393286160781e+00
8.242556864438681519e-01
6.057844266539869071e-01
9.778623909359853705e-01
7.309450035362540232e-01
9.550800243548636104e-01
8.201377149871800221e-01
9.215519654571524555e-01
1.092823194027069844e+00
8.584583799878059418e-01
8.423914833506497279e-01
1.257809052506190906e+00
9.999172636486004517e-01
1.068904135224112872e+00
1.088148105759831452e+00
8.245220842006291129e-01
6.002156960879511116e-01
1.860395554235035609e-01
9.292556209813432888e-01
9.597554637438597824e-01
-2.578478360322811191e-01
9.574501457014423789e-01
1.296690748369890622e+00
8.798482621746374077e-01
-1.488393822919277243e-01
1.008097942904405908e+00
5.608551043666573088e-01
5.954422896554798506e-01
1.167539504689311114e+00
9.312618385037751967e-01
8.425151182379252424e-01
1.081426203520501339e+00
9.550920118117971480e-01
2.546591823671520149e-01
8.418366895399443939e-01
9.795372563762542173e-01
8.484998308272034828e-01
5.630032034128465979e-01
3.739027817277427168e-01
2.150061492549335540e+00
3.639095612989951545e-01
1.087908063006193027e+00
-4.939495260823528744e-01
-4.053434404350615000e-02
6.986767093289004693e-01
9.367787857655059947e-01
1.018358088103176406e+00
4.419845655456604017e-01
4.765923775736330970e-01
1.014225234788902918e+00
1.208387290486980348e+00
8.194604207449968092e-01
8.065019753262112623e-01
6.272507095546328015e-01
7.309416856586919975e-01
1.025972736431021715e-01
-3.529282728898989682e-03
1.055717308705216517e+00
1.024540750693238911e+00
1.191670749704178300e+00
2.640849202662065576e-01
9.499297195495065571e-01
1.509143725131897984e+00
9.092052801015667596e-01
7.852976971422939712e-02
8.470962336570737605e-01
8.484556338593195468e-01
1.516883058490559322e-01
9.498881597985723291e-01
4.093451399706942162e-01
7.172692525393278284e-01
2.252069148253837749e+00
9.729053571883442553e-01
7.168630886863394114e-01
1.173441656583572357e+00
-9.204731992264936213e-01
4.770204775497531302e-01
1.077528305482953863e+00
1.197592554088626304e+00
7.108320498553856170e-01
8.612602430739247916e-01
7.151853517877165833e-01
4.920332150963504514e-01
9.246635910510727641e-01
9.002043242672951306e-01
9.802644654209644592e-01
