-1.323072801377444430e+00
-3.766104656282598939e-01
-7.607070717423831674e-01
3.746474753877011843e-02
-1.158098767295451109e-01
-5.103645665353472027e-02
7.044083093943275253e-01
1.150596496052471752e-02
-3.979051698217040967e-01
1.481513535750375032e-01
-1.642661314796218353e+00
-4.779447892476506032e-01
-4.176347302331260836e-01
-9.879805565097242448e-02
2.746478187574613372e+00
2.163462810409981785e-01
4.616150829299167646e-01
1.977983733177317849e-01
7.597327397907702728e-01
-2.356010509655510343e-01
-1.091928853745519484e-01
-9.616522395232161846e-02
-3.853073600290347067e-01
1.823646024756444273e-01
-2.943433639599424279e-01
7.061532597963660063e-01
-6.829285029835889809e-01
1.213444570884862281e-02
-6.311674645166019948e-01
-1.067812311926179536e+00
2.771242144673450869e-01
-1.938232741410952642e-01
-4.214385707232291001e-01
-1.067172655501300166e-01
2.593856717183441463e-01
-9.142523948141946244e-01
-2.178764967814671716e-01
1.000267810600843493e-01
2.316186097968440383e-01
4.292598384384012644e-01
-5.881926962849016727e-01
1.187303826861685896e-01
4.569509927655580200e-02
-5.516689023676327741e-01
7.777597752505532869e-01
-7.170321481935777452e-01
-4.393841054733690354e-01
-2.474728161168604779e-01
-2.278923203381950646e-01
2.961170991669196173e+00
3.149263123996390856e-01
1.356314281905377506e-01
-2.112574480177047478e-02
-1.048299966344746759e-01
1.060705465221331439e-01
7.445044186378331208e-01
1.128375652641246812e-01
-2.304544163182445024e-02
-1.014546882440970466e+00
-2.500811531753793782e-01
1.727430978377957060e-01
-3.532346534723067588e-01
-3.651362149228802867e-01
-1.563813969559383121e+00
-6.135324121820704413e-01
4.574458200549376130e-01
5.214477780661074327e-03
-1.156592441822486883e+00
7.721163696643889018e-01
-1.976055036815654198e+00
-4.293141627584911579e-01
1.266095622943035938e-02
-3.260118982503871221e-01
-1.662778984540291272e-01
-8.442728359937762272e-01
4.057337906685387074e-01
-1.924078654217228568e+00
-5.736172207958794012e-01
-1.855656164728577417e-01
8.872246635245026880e-01
4.400694074260742550e-01
