3.658619725960190472e-01
2.798652961324139543e-01
2.458403408982798855e-01
-2.162294922223781737e-02
4.961178088063324387e-01
1.651649721980629759e-01
-1.489222350015534380e-01
4.245218325150072053e-02
-4.441260529129988366e-01
1.751991548326755910e-01
1.077277843044137234e-01
-8.139627551365385960e-01
-8.244526329014325583e-01
3.021975511419416893e-01
-4.872380061623999836e-01
-3.818691518857176836e-01
1.928255271835102591e-01
-8.841547167335260526e-02
-3.697063601496783924e-01
5.893975164302409642e-01
-7.079177618903305103e-01
9.228730183375656593e-02
-3.199077207056223726e-02
5.730304947959149464e-01
2.491861819354371788e-01
1.105980162334078004e-01
1.905545542668133085e-01
-1.970741455215511695e-01
2.726473780648699941e-01
3.724092065866443924e-01
-7.547223965111939104e-02
1.088289304224732967e-01
7.968157206368576828e-01
6.953826874625818055e-02
2.026884070533168658e-01
2.561535877396228789e-01
-5.880397104467901537e-01
-4.536064366057711572e-01
5.172261155565213153e-01
5.588575618168251102e-01
2.822329873340896911e-01
-1.963943001629165630e-01
-6.074156311229604865e-01
-5.125325057073422119e-01
6.946396185413099555e-01
-8.534551498651959944e-02
-7.229819295409283253e-01
5.915192866382344983e-01
1.798452459766103351e-02
-5.160055604892669345e-01
3.652554363466519183e-01
-3.420735994897509680e-01
4.200030910072347634e-01
3.694646180136367253e-01
9.526371543268941089e-02
-3.050664979774651564e-01
-8.135456361374627798e-01
-4.303691362645643004e-01
7.785839695866224319e-02
-5.211389516603689431e-01
4.375183187338432256e-01
-1.008320400666572914e+00
-2.412969012304085614e-01
-4.421636990828221037e-01
5.050681224512327816e-01
-1.903595685240943303e-01
-8.339254933407469483e-01
-3.821433550575051297e-01
9.113860603935550198e-02
-5.094718887185151895e-02
1.017730687448065385e+00
-4.718344467423112032e-02
3.378328561862645185e-01
-5.174543224178577150e-01
-1.322594765002981232e-01
-1.851861568271862546e-01
1.744421836675114079e-01
-6.223308859228890433e-02
-7.294029186732205183e-02
1.335363782540684996e-01
5.235943902575938003e-01
-1.993607221915751904e-01
1.208926578894737452e-01
-5.260822061674113037e-01
-6.641817483946591549e-01
2.193594350172678731e-01
1.215113547987341502e-01
-5.498915986367197001e-02
-1.829088538722524818e-02
5.440334463433332129e-02
-2.884082965244120778e-01
-2.394430750579814859e-01
2.879295732392202489e-01
1.032131209567761776e-01
8.072764845609278206e-01
4.923081341410986411e-01
-1.694602064716267120e-01
3.278504664022359738e-01
-1.766539642736665583e-01
-3.865086297473699362e-01
