-2.296123553833884046e+01
-1.512910731338116399e+01
-1.467880677321012328e+01
-7.866905912558816993e+00
-9.801143567790575162e+00
-7.047421000751609377e+00
-4.351137842832136116e+00
-8.538936488657146162e-01
2.119313903382987085e+00
-7.048180163786634367e+00
-3.956283625576890284e+00
-6.564796323295562175e+00
-6.834935272508497306e+00
-7.510976214730671785e+00
-5.119248439612481327e+00
-4.766710383796910477e+00
-6.574493980076463018e+00
-7.409464398832283472e+00
-5.145670834213727396e+00
-5.189721308818072032e+00
