-5.340521778805765729e-01 -1.691841511794771824e+00 -7.280622322708748761e+00 -2.904153709795747940e+00 3.126538532654407287e+00 6.547257636589972840e+00 2.694619535854398062e+00 -1.051346492735136806e-01 5.201350631541711955e+00 -8.924079099724406550e-02 7.969112986181835501e-01 -1.105240687892114826e+00 -3.535202762667391418e+00 2.384797327792645749e+00 -1.524916563238885470e+00
-3.134769569040860127e+00 1.862997688013365627e+00 5.768739520749500471e+00 -4.027573109123244066e+00 -4.078719031514690840e+00 2.981559913536103501e+00 -1.479303860549763927e+00 1.829338609324838050e+00 1.802945526982813185e+00 -6.328248728371478116e+00 1.272327750874797658e+00 5.879481220850715673e+00 -4.957497282302989916e+00 3.466015690526566217e+00 -1.301517708207724056e+00
7.196986952054241771e-01 -1.140116904220025429e+00 -1.128017900459764133e+00 3.476719883675788214e+00 -5.435937332661747945e+00 3.715573293723794635e+00 -4.541307868106234658e+00 -4.576880556097859265e-01 1.886520143418735751e+00 4.442125692824679284e+00 3.020279344780328667e+00 -6.107818772022938214e-01 -2.582549945110156342e-01 -2.438501301751289319e+00 5.558522231682439418e+00
-8.424761882715244843e-01 5.859570425087062162e+00 -2.270935192644735423e+00 -1.181688353356889820e+00 5.083245624602204416e+00 -3.214341453932570314e+00 -2.897734672198009065e+00 1.477545386283972917e+00 3.931895961072203738e-01 -4.562049389935986632e+00 1.439124347263015524e+00 3.100336122738755140e+00 5.371146597377572718e+00 -2.731997423562494198e+00 2.531573936402402580e+00
3.231441688148832370e+00 -3.052056725252824787e+00 4.015880122069250269e-01 4.021382256552570311e+00 3.614552741268587610e+00 6.611615241337671200e+00 1.753248331431541907e+00 3.453321359158520121e+00 -7.345706529777891625e+00 5.192123234997691128e+00 5.100010392499490841e+00 -4.384861772806174507e+00 -2.396593991418947578e+00 -6.116533689034429067e+00 1.800297107548500142e+00
-6.679239889668885155e+00 1.346488166173702705e+00 -1.580987755998109368e+00 -3.877540563087316539e+00 5.230392853639954431e+00 5.601765420400061757e+00 -7.026169216811120055e-01 -5.503946217874248426e+00 5.583741263060781890e+00 -5.502389046596496414e+00 4.836482409567575580e+00 2.543127387300486486e+00 1.430209236108451520e+00 -5.423344117975685830e-01 6.235044897555028776e-01
-3.807705174451037067e+00 3.442063696141970830e+00 -2.610856423889853950e+00 3.115383201151932013e+00 1.711408427538403387e+00 5.532844580398540657e+00 -2.283602532390439865e+00 3.271198353178335960e+00 -2.603549299916958493e+00 5.905342972604630702e+00 1.342936203643120940e+00 9.724889236728267994e-01 2.210689959382207359e+00 -1.726804926052547762e+00 5.065562916183269593e+00
-7.380732825448848011e-01 -3.404521319579916216e+00 1.231757312650198166e+00 2.888085012695857934e+00 4.344786482364493274e+00 5.862346166653100710e+00 -2.297768472280245167e+00 5.775139431232207521e+00 -2.618270720584539912e+00 -2.116338360734801860e+00 5.218843025486489040e+00 -3.176101211527802448e+00 -4.492829876510018750e+00 -4.609951390436864749e+00 2.086732574270232732e+00
4.053270371183015364e+00 -4.464555190297958553e+00 -4.120369334421959628e+00 -2.752496778324791116e+00 1.786108463415343905e+00 5.483941754050010164e-01 -2.373967928326980559e+00 -2.156934832987199346e+00 3.792049917157761296e+00 -3.324010457098390159e+00 9.727121702543824189e-02 4.879470559182962575e+00 6.359147621380280668e+00 -2.553415897904583787e+00 7.155934335982652370e-03
-6.445975115617422979e+00 2.253607484612512035e+00 3.053489813088726024e+00 4.854817475203272892e+00 -6.212612785173687868e-01 4.279533798565241298e+00 6.021969306873045547e+00 -1.342912412959087476e+00 1.540625422196718608e+00 5.788918280193072974e+00 4.952670026260815317e-01 2.950716829584950407e+00 1.067034279373263672e+00 2.081455452249716398e+00 -3.432654853471540868e+00
3.923545582437422574e+00 3.531597501635104663e+00 -3.777015718532428790e-01 2.573177072295643963e+00 5.015427270789977854e+00 -3.148594142171295740e+00 1.867398641330260789e+00 3.184767843149033384e-01 7.370083447187405490e+00 -2.707350650635544920e+00 -2.385804025342900925e+00 -5.644641525964654072e+00 -2.272206979411982353e+00 2.404328684082077228e+00 -1.805925728238829908e+00
-2.612868011212065245e+00 1.652800315819431765e+00 -1.220395354722004777e+00 1.782868142408753354e+00 2.367434634704877805e+00 1.526234857989602345e+00 8.354150777988200716e-01 4.495157638815295620e+00 -5.167473665244523673e+00 4.992198821965245337e+00 -4.929302377518159695e+00 -3.451783879344821671e+00 2.817277778134800847e+00 6.598907998359150540e+00 3.022776304846737649e-01
5.074997948644155876e+00 -2.009855793359426990e+00 4.205162628670834124e+00 5.959178590266293263e+00 2.790193662550234599e+00 -4.020177454180748455e+00 5.668335910199425065e+00 -1.717300123616356977e+00 -6.395709702061843638e-01 -5.278378173907163351e-01 -3.985743723818696793e+00 5.602617508364244436e+00 2.676011229815298709e+00 3.271072201223629516e+00 -4.399736970203450781e+00
-2.480199049628017960e+00 -3.069301177296560823e+00 -3.621356873035919133e+00 3.941731446846797660e+00 -4.024607885476352287e+00 -6.649141212525109257e-01 1.809519715502504011e+00 -4.932799813255425825e+00 -3.825098652227777229e+00 2.677327179582417838e+00 -6.402191057632038884e+00 4.005849898955586852e+00 -4.435158095218793228e+00 -8.084002805030293670e-01 -1.229645723364915177e+00
-5.037480703070604804e-01 6.447651455879934712e-01 -3.772350092603010907e+00 -1.792221527595009301e+00 2.534880050636966420e+00 -3.322248857440183389e+00 -3.612582521461042973e-01 6.530251612747477452e+00 -5.489943701079525340e+00 2.242977961653693786e+00 4.216972088815541753e+00 5.618084086892746853e+00 1.459215566547833243e+00 5.341294684196445708e+00 3.069619495687376798e+00
2.385934315755712909e+00 1.915349105111591177e+00 2.232795202697416048e+00 -2.503918338588465353e+00 3.518281088543552038e+00 6.843447909882956814e+00 4.287035677125121680e+00 1.751866436092355261e+00 -1.808653213303652141e+00 2.133315855473869149e+00 5.497024682191025136e+00 -2.675386667691093567e+00 1.487195645667645616e+00 1.984002248563274673e+00 -6.651467518089455133e+00
-2.177970818046131019e+00 4.765465831356618054e+00 4.169680520008448354e+00 -3.307148314468372430e+00 -3.094848247151191778e+00 6.346867130206709784e-02 5.839783709660280486e+00 -7.346738852835582589e-01 2.850077429643266047e+00 1.754355717107400014e+00 4.861755791995335585e+00 2.205799221730498250e+00 6.601506277044124182e+00 -3.414002921946953428e+00 -2.763341872918361641e+00
1.250159852358468049e+00 2.633255297227358849e+00 5.841393825825068831e+00 -4.403379439712288845e-01 -2.075179492666049619e+00 -2.247291763248278063e+00 -6.862788861487994829e+00 2.372336820054789630e+00 -7.831085872807462822e-01 2.186655399152240609e+00 2.699423652070248369e+00 -4.961220268303446090e+00 1.649114522557817653e+00 -1.233559425776976859e+00 -5.853537064552003955e+00
3.078843190958041376e+00 -3.471095174825007956e-01 8.928123879556715270e-01 -2.545358059692320651e+00 2.289188189912310989e+00 -4.071145865887823234e+00 -4.196869374144844400e+00 -5.099992689234001730e+00 -9.188846465848125034e-01 -4.670187697829526030e+00 -3.077989959844823709e+00 -4.116564161804358690e+00 1.237954535287552060e+00 2.930833613997756437e-01 -2.885071314994796854e+00
2.892827303612261147e+00 -6.982648576089309778e+00 -1.958579063376019613e+00 -7.884702801226063373e-01 -8.626083365964978711e+00 3.147038350857048972e+00 5.617276513185212039e+00 -5.223781761607482643e+00 4.042451812266638633e+00 3.617782769978084567e-01 -2.704888317972145018e-01 -9.378740009675717859e-01 -3.843250569411379214e+00 -7.810474272213007163e-01 6.477421671091081912e+00
8.315192568343503510e-01 4.024359654485810012e+00 -5.432441536905869839e+00 -4.603656408601913164e+00 2.491589255379497381e+00 3.197388842561352362e+00 4.117674621380141176e+00 1.443661310720065538e+00 4.373718834124084687e+00 -2.490033654414777864e+00 -5.087401229880104125e+00 4.627254124422247372e+00 5.224085470707647616e+00 -3.312953039950414347e+00 5.148348295730457380e+00
-2.712982224776750328e+00 4.321139653722020135e+00 -2.522356636210611125e+00 -5.337779806993394160e+00 -2.339422032033240839e+00 -5.625305163092080285e+00 8.426726782883409150e-01 -3.195190412885455356e+00 -2.257231495132242305e+00 -4.884478054039847805e+00 5.282921085927712035e-01 2.637654263297269708e+00 -4.455657766082316229e+00 -3.345552130007736213e+00 3.829727013182800288e+00
-8.218806240683881326e-01 4.399772095226794022e+00 2.059299144248230462e+00 3.613960725945651653e+00 4.163692689331766061e+00 -1.628682421198274000e+00 2.933575148986168113e+00 -3.393911844619178275e+00 2.855777276412509114e+00 -3.317819122766724416e+00 -3.081637113731216626e+00 1.641835367537242352e+00 -3.204163205789162916e+00 3.191134496978305979e+00 7.847113044961463446e-01
-3.298888143094172776e+00 4.858014660017516917e+00 1.999163848348029848e+00 -1.346824189271670580e+00 2.229038083977211038e+00 4.984894377139803545e+00 1.060804692351414724e+00 -3.922135210148444795e+00 -4.881692653236629376e+00 -6.145317740237525861e+00 -7.342618178292351083e-02 -5.939909339137131816e+00 3.896003000384653081e+00 -5.189329088923122946e+00 5.519028989612086988e+00
2.077327549139388108e+00 -3.732656670247141317e+00 4.357120080468832590e+00 -5.338580239478557310e+00 -2.197185823156466267e+00 7.388028506978697729e-01 -5.189742068221614879e+00 4.608540608636248592e+00 -4.142014823528406886e+00 -3.867588118997515423e+00 4.044566594768682855e+00 3.948415031394822083e+00 -4.992348656701182996e+00 5.494538087232088586e+00 -1.789695221067548470e-01
1.744129774703491398e+00 1.951214798770731562e+00 -1.117356423647989816e+00 2.073564283435007205e+00 -3.512476853730937543e-01 1.973727988095396180e+00 -1.498138745716771414e+00 -2.755072659051469586e+00 4.765717745428790231e+00 2.068737539400274716e+00 -4.727762230210451611e-01 2.267685239941788389e+00 6.681551713839957607e+00 -2.742577080012195356e+00 6.444263222592264029e+00
-3.481872385839337003e+00 1.191397296956280938e+00 -1.220657931951854291e-01 3.549695553708671181e+00 3.027586224236569756e-01 3.144048270134472300e+00 -3.918407738908120663e+00 -4.612354386485583824e+00 -6.521198393499529899e+00 2.910433547922994801e+00 1.680004028198545329e+00 4.638410452276284235e-01 -1.501185477131552481e-01 -2.440330241580320081e+00 -7.085518548587320664e-01
6.847950788202919803e+00 2.321134653600362086e+00 -4.745062618487189354e+00 2.106728370471293132e+00 5.261443048036869463e+00 -3.197616575242228532e+00 2.063293977725671802e+00 -6.692363572767738411e+00 -4.316022774970372566e+00 -5.372083673165168882e-01 2.992417601974986407e+00 1.990398566778440737e+00 -8.616616229972638985e-01 -2.585460780033250305e+00 5.497263974818283216e+00
2.047317432772902457e+00 -1.732413337225835459e+00 -6.965407018561598385e+00 -3.626181754866601992e-01 -4.679592572266620287e+00 -3.877399138849664695e+00 -1.654570921041055742e+00 4.807783634530324868e+00 1.512945438392287123e+00 3.352800361527652484e+00 -1.669064666267895625e+00 -3.965631250549935594e+00 -5.386375509773831283e+00 -9.959115622176299976e-01 -1.900024140791948701e+00
-6.667231382592433420e+00 -1.735349485922464075e+00 -2.610557493626438408e+00 -4.960676354438680602e-01 -1.239700531966593799e-01 4.328970665462802181e+00 -4.827220481471098168e+00 -5.660929793618926453e+00 -2.209185254705683388e+00 -1.100527374383153401e+00 -1.361335235461321513e+00 3.949787627358634090e+00 3.747803212254297467e+00 -3.611187743914821890e+00 -3.885710760258073715e-01
2.961095855798527854e+00 -1.059463446150199217e-01 -2.181817128611774681e+00 -8.893199220656471393e-01 -4.384188281141944366e+00 -3.460740931930117892e+00 -1.793803275786572060e+00 1.023079395449269402e+00 2.722698725888010429e+00 6.537727197873670626e+00 -2.294438639907710353e+00 7.723782498995505064e-01 -4.999071965829474884e+00 1.090866847207761170e+00 -4.297397861096283300e+00
6.372457675682928979e+00 -1.772215667555335106e+00 2.951745098264689116e+00 1.088535202421539561e+00 -2.358164698985066199e+00 9.145391876606494552e-01 -4.228106670884550944e+00 1.543953022903860495e+00 -5.259875355972088329e+00 2.380363001268910761e+00 -4.465569414686425986e+00 2.137295063719487853e+00 7.122561801608408016e-01 4.439412722422225954e+00 6.229964213971649123e+00
-2.196477879803381050e+00 1.584262536387577303e+00 -2.750497800185323527e+00 7.353713767167119109e+00 2.731738989544195917e+00 8.631450684405750806e+00 -2.160318744159381854e+00 4.657327663551690811e-01 5.047104454807433527e+00 2.394697926843175340e-01 -3.467992216976531150e+00 -2.169946334124677634e+00 -3.433453258938129249e+00 -1.503080252240240666e+00 1.075846608010430749e+00
-1.812270183481771157e+00 -4.256236278204947432e+00 3.079055681996554661e+00 1.338898033268954180e+00 1.917597927387820478e-01 -5.448428094300737712e+00 5.535266890766302517e+00 3.012766192698537182e+00 7.183325186671952745e-01 -3.493699593102051359e+00 -7.364804358307525112e-01 -3.627979158804147453e+00 -1.985640820417820862e+00 6.086506582527702491e+00 1.428331893801920049e+00
4.889428978954037497e+00 6.958030839945879009e+00 3.722694680855536675e-01 5.312286867969792326e+00 9.972748694020828752e-01 7.410664971568652337e-01 4.733968823342569188e+00 -6.128241428354634479e+00 -9.252780168860731402e-01 2.823332326854609331e+00 -4.404497751521988747e+00 -3.762247353899990099e-01 2.094389065422672225e+00 1.514331109889309301e+00 1.922333177122209413e+00
4.211687960258124086e+00 3.013285041103187289e+00 -2.893556359225020636e+00 -7.008540814256344120e+00 -4.098892840531816795e+00 5.925513771852324751e+00 -3.138179446740029022e+00 2.984762153207933810e+00 1.937596619499686978e+00 1.231616429161349613e+00 1.663279059363682519e-02 -1.007462861142126354e+00 -4.191364781043649401e-01 9.539608324121898519e+00 -1.894590402673126617e+00
4.755490079331598174e+00 2.227973211377786367e+00 -5.192029550285583106e+00 5.937801938540718361e+00 1.192226405907883757e+00 -3.724053680414789458e+00 1.429728315534347649e+00 3.139870709300169427e+00 -4.588393653613588974e+00 -4.320488109195252946e+00 3.668240652005626767e+00 6.355349240843174208e+00 -3.948948753686255753e+00 -3.712527784441176593e+00 -4.757997316982991443e+00
-2.377717718322881257e+00 -3.678836153616702909e+00 1.661450778562526542e+00 -2.765238209585634710e+00 -3.347575000815206092e+00 -5.283655886481187558e+00 4.524216485872147864e-01 -6.298914485750859882e+00 -2.919874204209652824e+00 5.513400080641630119e+00 -2.171350605990074456e+00 1.989104511417736809e+00 3.344053507016091498e+00 -2.325493315456823140e+00 -1.265003306670082317e+00
-2.176167491416953315e+00 -3.418484863902239379e+00 7.985821471315571740e-01 2.678764561499316521e+00 -1.310399878642639404e+00 -4.780620301295736674e+00 1.254493181698905113e+00 2.934226683519750800e+00 -3.745760040385877510e+00 -4.491080151130079301e+00 4.500767893540160713e+00 4.266006249606974499e-01 -5.027338792576046878e+00 3.745039495317304956e-01 -1.335928799882394546e+00
-4.026619594228124654e+00 -2.088819892772697528e+00 8.002806038010323864e-01 7.530475864999767843e+00 6.709041436057096242e+00 -1.145515893815108807e-02 -1.153183586766886481e+00 2.369194393105680696e+00 -5.362462311031046092e+00 -7.124102472108718720e-01 4.922834794504418632e+00 -1.082054938942428324e-01 1.948463873340336550e+00 6.788056147110242300e+00 -4.603807435846811735e+00
-8.142500856504890194e+00 4.319740262078815896e+00 -2.604818856916025993e+00 -3.292719451083549131e+00 9.619208029221403278e-01 -2.951443608969219756e+00 4.343549452539145483e-01 -1.621226108265837185e-01 5.119057338165449167e+00 3.868799528187353065e+00 4.294537618899467168e-01 6.004331048348342748e+00 -3.213960328324254601e+00 -8.200421227545231506e-01 3.993333330931127190e+00
5.466274574195397307e+00 -3.072879094885077489e+00 -5.184414354174606832e-01 -5.410693209558165684e+00 4.879221291996198140e+00 -2.425098954473619450e+00 9.438512441099388139e-01 -3.084892967084564286e-01 -1.523648740727794770e+00 -4.338329598016477995e+00 -3.863107770304747834e+00 5.584434354391859756e+00 -3.569498133862321065e+00 -2.100642154926124050e+00 2.294980886961579980e+00
-2.543093993970550581e+00 -6.025948697486168015e+00 -1.517646081186937224e+00 -2.207382698035272206e+00 -3.079229068934040026e+00 -2.874349151282854731e+00 -2.315395799599189175e+00 2.272168207333131740e+00 1.751648965906188238e+00 -6.113893724744471569e+00 -5.084725982058884597e+00 2.487797703791650772e+00 -3.142649929733273062e+00 2.945819624117839819e+00 1.578195766838821346e+00
1.423640280752349163e+00 -3.391375005933765063e+00 -2.655809528139537079e+00 -3.571149522721967617e+00 -3.677686609923108030e+00 -2.467263102986223977e+00 -5.480135114483119629e+00 1.352297319278679799e+00 1.205380949977927996e+00 -1.725857866102042115e-01 -2.194286938242239415e+00 -1.469219796826260804e+00 2.989610107871822464e+00 -3.790196518008861037e+00 -1.805830998680686139e-01
-3.303997716553180641e+00 2.882708696367045853e+00 -5.089206731268847150e+00 4.350664346872711086e+00 6.736057802579265896e+00 7.258855438132671978e+00 -6.507203109715804512e-01 1.446824671939769491e+00 3.880717215408076459e+00 1.874412952498446305e+00 -3.628840535255054789e+00 7.016702683220960246e+00 -1.892382357854045738e+00 3.215509957120489259e-01 3.392230749261341050e+00
-4.022136042015588941e+00 -6.976616797033002859e-02 4.647469442470197443e+00 2.779427474429547740e+00 8.253941898900795104e-01 -1.083009729751796657e+00 3.010480706062983458e+00 3.872559553409232525e+00 -1.104297336593470957e+00 -9.454082096903929644e-01 -6.064870603513915492e-01 -2.398195210271577338e+00 7.789432092994218237e+00 -2.165685406601919105e+00 -4.873346040288964787e+00
1.190985209974496639e-01 -4.640962055491301363e+00 8.978657887537829785e-01 3.716062092631059244e+00 -4.961415753839636622e+00 -2.285271710808558510e+00 5.235827151685675140e+00 1.262694622463951033e+00 2.349372968913602033e+00 1.344311657899324164e+00 2.916044576542139222e+00 -3.849799893089927316e+00 1.190321207922854368e-01 -4.172284569178328795e+00 3.690982075877727642e+00
3.482618511619519630e+00 -3.973106896071513905e+00 -1.807780919247972129e+00 -1.124342774617064222e+00 2.592947445515789706e+00 -8.739802973706177758e-01 -1.661857596610400112e+00 4.849314810277223664e+00 -4.445630258663988560e-02 2.927712009363803602e+00 3.868729685310506650e+00 4.626726668340984894e+00 6.886613813460062516e+00 -3.521228482277903193e+00 -1.571629172691437759e+00
7.401891997856869132e+00 5.455306824089115381e+00 4.760975532189244852e+00 -6.002049781672736728e+00 5.004838532758276948e+00 -3.587757637562145607e-01 8.843275886004088315e-01 2.188343694724894650e+00 -5.978412854374925978e+00 2.496328815091869213e+00 -3.441293554993011927e+00 -1.032852440485052758e+00 -4.351396420728494085e+00 4.186154165795297644e+00 1.067222147153597422e+00
-5.600964610854908265e+00 -4.037633739004452771e+00 -6.201362864523749074e+00 -7.170897285528391452e-01 4.884514635534869420e+00 -1.488808125049239539e+00 -4.935492992231776399e-01 -2.854254817701547431e+00 5.721423238339495398e+00 -1.787920346240717606e+00 9.383079291690945567e-01 3.881579385067566168e+00 5.244867576525792607e+00 -2.600739404747020034e-01 -7.060780572042975045e+00
2.042669983258271760e+00 2.523256699770381584e+00 4.942854596126393107e-01 2.970985070899457181e+00 -2.716066441498881989e+00 4.262187148306409434e-01 3.210632743393556865e+00 -6.291293056244392723e+00 3.662590760854175898e+00 -5.866335637828889560e+00 -4.159985799491735747e+00 6.342575312372971119e-01 -4.767024465515760645e-01 4.474680340463567774e+00 -3.331525177018805906e+00
-3.642438012274384906e+00 -4.079465769176181311e+00 3.037606901660690362e+00 -5.717164092233375960e+00 2.309068824921040264e+00 -4.557416882554990778e+00 6.298496720346230537e-01 8.450649270164413140e-01 8.490918864043929537e-02 -3.575941173347505053e+00 4.958352836772175642e+00 4.006393250886995716e+00 5.029128978153159402e+00 -1.696133159619590547e+00 1.464406884615267135e+00
3.772275388454830125e+00 -6.763902196582529669e-01 4.412661028586793321e+00 5.204289221816767785e+00 1.649429567173371192e+00 -2.982958666638608758e+00 -3.252705305167486127e+00 -2.255040826001696974e+00 5.763200137780448706e+00 -3.545189774151453754e+00 -1.710484833728814102e+00 -2.916692015811464422e+00 1.177130443827783424e+00 1.360672164495284608e+00 4.952915569151406849e+00
-4.545041364759167202e+00 4.657698983032345197e+00 2.251252357048482811e+00 5.808829118720245654e-01 -1.473757041255854494e+00 2.520358453842328927e+00 -1.654509925923231206e+00 3.078326828326719777e+00 -5.188834980787985218e-01 -5.154136923366639422e+00 -4.261695540601896148e+00 8.310867273159491253e-01 -6.735689782326517161e+00 -5.362084805089199158e+00 -5.031384848987459080e+00
-6.400056905776192018e+00 -2.394604766742094437e+00 -6.863001026738148047e-01 5.469322787591011092e-01 3.385172294931137582e+00 -2.098848952011089786e+00 -8.984269831891188440e-01 -4.215713356780267596e+00 -3.593138772938524461e+00 3.586110489337800633e+00 2.059364906975885701e-01 -3.366210407005402860e+00 -3.747611078189031275e+00 -4.308881818808067976e+00 4.785589313828374713e+00
-5.572247261205454549e+00 2.997446101180349487e+00 1.988700359837284770e+00 -5.818475048711170272e-01 -3.337574720635162473e-01 -4.415556052049256053e+00 -1.495818886701408168e+00 -4.609086402723232112e+00 -4.842917402023172446e-01 1.310012497671946941e+00 4.191347985929998465e+00 -9.693432198518228127e-01 -2.562229521842933622e+00 -2.197289751327759166e+00 -7.129752117144879664e-01
-4.620406588082713206e+00 -1.654236287229366331e+00 -5.133840918619982041e+00 6.467197511795324871e+00 4.855849688924347873e+00 -3.031450441916693883e+00 4.796492963999866355e+00 -5.617730261439904282e+00 6.814446016546930052e-01 1.427242790950200124e+00 -1.796082251774844485e+00 -1.213183642677239105e+00 3.569842689590900342e+00 5.379054433654367529e+00 -5.284443906937291713e-01
-4.311738001059957526e+00 -9.451317932211471540e-01 -3.070244717945955770e+00 2.333543779813888719e+00 4.975579367773649508e+00 -2.841235282222058789e+00 -4.861613146373322536e+00 5.934036810589683242e+00 4.298437290662018739e+00 -6.367105966547249585e-01 -1.820294258582839886e+00 -2.671189404701675763e+00 2.460922328972142914e+00 1.188562305204991842e+00 4.801688127087858859e+00
3.760941571044172926e-01 2.860274286102354235e+00 -1.957822297708129211e+00 -3.960074050265829815e+00 -4.370217482997429848e+00 -4.008153978844877785e-01 -5.785028295383314312e-01 -1.343670858129077050e+00 -3.536045054102673113e+00 2.225336541066638696e-01 1.084095329643792960e+00 4.927721975888772477e+00 -6.829961917514323133e+00 -5.406451874449854644e-01 -2.198494466075378018e+00
-1.122119102434362636e+00 -3.510040543563343274e+00 1.244950668944826838e-01 1.127515517425089486e+00 1.489317878288053398e+00 -4.883901041016650346e+00 3.657994528003516876e+00 -6.555505998670615675e+00 3.001125272406560462e+00 4.653089921933730722e+00 -4.480318452136057061e+00 -1.102532466472000650e+00 1.179948455094833148e+00 5.992150049396470557e+00 3.567411527780360303e-01
-7.657247961295113869e-01 -1.281781734930912853e+00 -3.581823909959819918e+00 1.379178571969391642e+00 -3.792313808989971946e+00 -2.551977050095115107e+00 -3.633460752566760821e+00 4.596387074282628937e+00 2.284756214400245788e+00 1.871294761254844286e+00 -5.176285288727472400e-01 -7.643336685872038627e-01 -5.511195002233320039e+00 -2.548276466438297749e+00 2.016478312591562627e+00
3.439831471944627683e+00 1.171516161912566245e+00 -4.389502194012632863e+00 3.483670870988403223e+00 -5.267117302780295773e+00 -9.038822781842771326e-01 3.911017461830159636e+00 3.247700197227863794e-02 -2.721912577205308104e+00 -5.210480112366381533e+00 5.108741806754566461e+00 4.904794223524658214e+00 5.123278374098381605e+00 -4.778041796273736708e+00 4.470104857492299466e+00
1.491777587814507866e+00 -3.201707513106703651e+00 -1.429536459275576599e+00 -8.061015392425427972e-01 1.330142226504229530e+00 -3.332032306718026859e-01 3.397246293741187362e+00 1.800331548026937512e+00 6.169862605250424181e+00 3.561976986972288817e+00 -4.129901231922057825e+00 -2.302258849282087905e+00 1.715569984892679312e+00 2.122571817690162010e+00 2.850460974153640858e+00
-6.581777322660626872e+00 -4.308533651228069750e-01 -1.776376693133711715e+00 -8.100198862802308053e-01 -5.685543187358735651e+00 -4.255953011949981324e+00 5.580033557328803795e+00 5.929978439241087029e-01 -1.616926728470914121e+00 -5.689329412314803491e+00 -1.144660175649387379e-01 3.158929481382246163e+00 -7.011785012147885299e-01 -1.473267095308225860e+00 6.808703281473564850e+00
1.040844744364855856e+00 3.703650125258556081e+00 2.239046092481090877e+00 -4.593158109852029547e+00 8.359825852797158063e-01 1.177512388250900210e+00 -4.829685208707090283e+00 -3.042722614582798357e+00 -3.499039220732338418e+00 6.359247701611758785e+00 3.687133376588579647e+00 1.707703529656674268e+00 -4.948380198352637649e+00 -3.828154622097876825e+00 5.094091075246621969e+00
6.935015630850918988e+00 -1.633441389428228252e+00 1.536285324157969034e+00 -5.080796841734623648e+00 -4.455424056426632973e+00 5.471324034799530445e+00 1.389828622972573147e+00 2.539472819533619141e+00 2.710944764243586658e+00 1.949345100598291136e+00 -1.700562083819853409e+00 5.033111032296551990e+00 -6.901965186589239742e+00 1.317006758561023894e+00 -1.727166946911929957e+00
-3.467391499926594456e+00 -3.910613517693812824e-01 -1.881228303870024821e+00 -1.801501632528137886e+00 -3.130260334084478124e+00 3.234884385899284176e+00 2.443198505422302880e+00 3.674962970843241195e+00 -3.192373631636277853e+00 -8.247740727213564327e+00 -8.486916445995071889e-01 -4.145801878870286394e+00 -3.369754475221938606e+00 -1.268065466317302159e-01 3.258350552832727232e+00
1.926325734642968301e+00 5.451929355063710680e+00 -5.868746457610595435e+00 2.576045836644478726e+00 3.138677297581119685e+00 -2.011959439361709290e+00 4.011647361257375977e+00 -6.194377772741180621e+00 -5.343599606861539009e+00 3.789986610542438683e+00 -4.606334617886616911e+00 5.741229973572861134e-01 1.021268716101741969e+00 -1.513574350791018208e+00 4.470015215866312452e+00
4.144339138082093754e+00 -2.367455584659831358e-01 2.668337572630865573e+00 -2.215538358985892131e+00 6.018535940658767958e-01 -8.086666113256022470e-01 2.889404748407082835e+00 -3.145248753010467802e-01 -1.442978374081819837e+00 -2.722310429164518819e+00 4.988189994383462889e+00 5.376185716077499510e-01 -2.357323585672059352e+00 7.345570870531606289e+00 -3.668114220255097813e+00
-6.376092893739022216e+00 3.974783938058234156e+00 -5.039492612908828661e+00 -1.903101627399759854e+00 2.898098592600222734e+00 4.343832907252347386e-01 -4.099819947790227737e+00 -8.466533527667832182e-01 2.118720824470520459e+00 1.732442470986859329e+00 -4.523581567388155200e+00 4.133056806474618483e+00 1.570156295183398942e+00 1.222345849372525217e+00 -2.328106059237946557e+00
7.187028102310796918e+00 -2.297547218420305182e+00 4.184418616149645942e+00 3.238180765231093439e+00 3.089970444549527517e+00 -4.177500425313048105e+00 -1.406652406061387861e+00 -5.692608662819035104e+00 -6.154000751648808221e-01 7.161909693117925191e-02 -5.164802954280828473e+00 2.299833464286766826e+00 -2.364154358770582665e+00 4.683409248382190526e+00 3.452661589498119632e+00
7.294525116070024851e+00 5.769685619254154574e+00 5.696751331764581039e+00 -1.509128022284845327e+00 -6.602956868763233622e+00 -2.246834733290281161e+00 -3.762360160876582427e+00 1.824749766077056412e+00 4.495323892255745912e-01 5.730444318570594442e-01 2.524520671163371421e+00 7.330951813664420280e-01 -1.085446956469701574e+00 -7.602029152150506508e-02 -1.280686190601611152e+00
8.017723689405084064e-01 -1.430186632006860137e+00 1.147466854144876924e+00 -8.145450523684898414e+00 -3.132203151631850258e+00 7.350560809690517838e-02 -4.624521905209374673e+00 4.450787459817842517e+00 -2.236644443305670027e+00 -4.056996429030732543e+00 6.045706804931899603e-01 -6.522827049524955179e-01 1.360164712226102024e+00 3.424114815610156182e+00 -1.050147891359003438e+00
-2.076967859500365332e+00 -8.412093918300735496e+00 2.176881613104957758e+00 4.222272985989379834e-01 8.827389683152183641e-01 -2.315191400405141486e+00 -8.263805840118881862e-02 -5.371945100941460716e+00 -5.525916017096208499e+00 -5.803399604177879034e+00 -4.728135084157877976e+00 7.654238202917010847e-01 2.578937328335975110e+00 -2.343483520717358548e+00 -6.522591632101399028e+00
-8.469562068016879275e-01 1.975461493392665080e+00 1.116167145430827734e+00 5.071330454930257581e+00 -1.605767185464883617e+00 -1.060887962108357785e+00 1.200955258244995161e+00 -7.956690163597812671e-01 -4.481295413975695752e+00 1.132542419011619339e+00 -4.337895301233070655e-01 1.242283512887212282e+00 1.374597419019085720e+00 1.281257357618779125e+00 -3.061230460949894372e+00
3.748859681756036899e+00 -2.394544679989455194e+00 -3.278191316370823394e+00 2.598932135666673471e+00 1.034495316820681410e+00 -3.159638626740387313e+00 2.444986773046094797e+00 5.479734653143346179e+00 6.937429296842466675e-01 -1.129152728166157305e+00 2.100893813233348340e+00 -5.221891955793142692e+00 2.269768741300758119e+00 1.608209389290421676e+00 1.522998179209583025e+00
2.562684884489242254e+00 -2.106728628173384799e+00 -2.213011735464889274e+00 -4.923296963527208803e+00 -1.281719160809325353e-01 4.403206869856268746e+00 4.396976700580701447e+00 3.900340788249173407e+00 5.964393099388976438e+00 -3.363433694088318937e+00 -6.856933922934311809e+00 6.220961497343467927e-01 -2.722211848528288680e-01 1.045719366273489381e+00 -6.288179196841811702e+00
1.965661777825934431e-01 1.840319598059984463e+00 3.681470124926041976e+00 3.319102227271314209e+00 5.015641635888202998e+00 -1.149879855207318835e+00 2.055075934744885480e+00 3.046513588629343072e+00 -2.613777396611749015e+00 -1.020148095838400992e-01 -3.516409666115143384e+00 3.377357918652289293e+00 -4.502983623335110153e+00 -1.686836517533060853e+00 4.756840306777485594e+00
-1.855259999306233976e+00 -4.420931965517600482e+00 -1.786260854562876421e+00 -9.670183457360167698e-03 4.208813809879883294e-01 2.741383947995914117e+00 4.498218982228228136e+00 -5.064512374023695251e+00 6.679029708632985285e-01 -1.200219512539570932e+00 4.484524358191970705e+00 5.260068713307144428e+00 -6.184222305028647809e-02 8.127965389392776130e-01 -2.401992023991428582e-01
2.154354229900854595e-02 -2.414345169234312638e-01 6.011031915109855461e+00 5.889252294804538046e+00 -3.367803197381140201e+00 -6.385561190967825596e-01 3.811096655853834364e-02 1.642116695306982344e+00 -3.834328038243360881e-01 -1.510818053398850447e+00 -1.825848500465949709e+00 -3.850786180489885524e+00 -3.206999250393630874e+00 -2.845884143166252489e+00 5.747008960472119732e+00
-2.454580379126741985e+00 -2.570411023289875807e+00 2.091916104577876467e+00 4.555012705879843082e+00 -4.276760121815460503e-01 -6.381733723649215761e+00 -3.471533755042855773e+00 -3.852058019359255958e+00 5.203011111072415318e+00 -4.526614208065462108e+00 -2.854264414161769015e+00 4.564314295261338028e-01 -8.221291917475973543e-01 1.567115866493588916e+00 4.415607492145461777e+00
-4.147866051375419083e+00 -3.001770376929541406e+00 2.061265275133331798e+00 3.099112003301164542e+00 -4.281932374037702438e+00 -1.968413252637596145e+00 -2.593440174853945290e+00 5.793092607777102110e+00 3.311383519830053412e+00 -4.419816554271137399e+00 -3.281088736982431087e+00 -3.790930071086733744e+00 -2.226237543976367306e+00 7.257318559373666655e-01 3.279248852522240743e+00
-5.214260431360373538e+00 -1.378761407953013052e+00 -6.175287986530920037e+00 -1.631007718749487134e+00 2.762140721139359378e+00 3.323897834018137765e+00 -3.156704531195368979e+00 4.082858878975334171e+00 1.062853479523696854e-01 -1.884707342642789607e+00 3.933853750319374232e+00 8.848461977548986113e+00 -6.899130925158522665e+00 -4.307156514082301157e+00 -3.040362067376724209e+00
6.874771430895036062e+00 6.022003724994993590e+00 9.994492563877068747e-01 -3.091314990465287238e+00 3.740629766093323205e+00 -2.364299094337637630e+00 4.207603713648874866e+00 4.606969353511438214e+00 -4.381533530882282257e+00 8.598655840487271496e-01 3.725936082624111023e+00 -4.027726610244377170e+00 4.758719367861552918e+00 -4.713591380676954934e+00 4.573691425210979489e+00
1.193867686699456865e+00 -2.912661956949865516e+00 1.942473515967109821e+00 4.110892434682722474e+00 4.189447378057622018e+00 4.576793062153947211e+00 -4.184604198566541200e+00 -3.989415113921444433e+00 -6.013761406248796071e+00 1.044717233622695529e+00 -2.165758409178367927e+00 2.295391506257318692e+00 5.474921439221459352e+00 3.753578783246132589e-01 4.851881587873165813e+00
2.815925391762884367e+00 -4.100267687475326994e+00 -1.451252473190669301e+00 5.448852730043729053e+00 2.632646718643559591e+00 2.878141896918090747e+00 3.298967843234832387e+00 -4.733212779551312366e+00 -2.202651402677818560e+00 1.268878070597776686e+00 -5.847439268206758634e+00 -2.178805048246851950e+00 -1.967175439928937397e+00 1.149952907409964364e+00 -1.669833914061174651e+00
-5.711277106610424426e+00 -3.826213105621795840e+00 -3.173159875622790338e+00 -8.427102614590120666e-01 4.200284610718007627e+00 1.858739965998157606e+00 -1.539157528092185701e-01 4.772742284356620068e+00 2.149107690933588444e+00 -1.111616367666165228e+00 4.811269759274496849e+00 -1.408534288131234047e-01 5.726708444462174086e-01 6.940071790233297122e+00 -7.312075549663110685e-01
4.398200880210771935e+00 -3.433106426582979154e+00 2.516302256896586265e+00 -3.517765526248306074e+00 -7.246402056084235710e+00 4.558549879288536388e+00 -2.822622903200666111e-01 -7.070067642674511710e+00 5.227232605803309617e+00 -5.231282694724431082e+00 -4.155587246513561261e+00 7.026739660765096929e+00 6.215556992531360514e+00 -1.830916318726817371e+00 -5.542912379092960196e-01
-5.961627226249557765e+00 -2.719008675564093647e+00 -2.947735901815295989e+00 7.248078760890733774e-01 6.718489188741069817e+00 -4.752168505169803048e+00 -2.720974962426164545e+00 2.508766138473034868e+00 1.434344550897116211e+00 -2.914084835143095020e+00 3.749105890119026063e-01 -5.578190876824812072e+00 -4.459351397861849087e+00 -1.180001309033135382e+00 -3.844301290664548176e+00
4.535316092859091874e+00 4.827069014437995520e+00 -3.365865128275612683e+00 3.524743517512285873e+00 3.718842915902076829e+00 3.203164915542834557e+00 3.066909547980850581e-01 4.156834723770906237e+00 3.583994788079108318e+00 3.643671257052449874e+00 -6.684707012882352473e+00 -5.979603336981877071e+00 -2.018528886754396012e+00 1.112374586428198198e+00 3.516723648683298009e+00
7.610981423624668674e-01 5.293306849882836396e+00 1.345526785395729563e+00 1.541406786714222488e+00 5.255833310889857835e+00 1.099826760644290857e+00 1.587993725962073555e+00 -4.507513069442845577e+00 -3.393031097564616516e+00 5.168255940968093931e+00 -4.430325914119811692e+00 2.168630488684142765e+00 7.987887623825500327e+00 -1.977827579873527641e+00 -2.201378265423276748e+00
1.893228981960196622e+00 -1.010927814658270529e+00 1.232914960823312978e+00 -1.233613624667309949e+00 2.338474907370450939e+00 -3.285158784570600066e+00 5.915364269536062203e+00 -5.567105182896744608e+00 -2.378732591672075181e+00 -3.506589535041389816e+00 -1.249740569591569095e+00 1.491933926419512391e+00 3.032068342707407105e+00 6.317039960375486096e+00 -2.115344074334189806e+00
-6.631747871834922314e+00 -6.022173624749557419e+00 -3.801195532138849753e+00 6.848999799321645376e+00 1.442161205340936947e+00 7.325460290734371327e-01 -1.179515443608828873e+00 7.031246886527934940e-03 5.007290673463669961e+00 -3.914830126390836718e+00 -3.975612251052658697e-01 -4.674737148476040716e+00 5.472631330830624030e-01 -3.906542110254942468e+00 -5.544166323958045872e+00
-4.324455537848740372e-01 -3.751473416040074227e+00 -6.533269578569578684e+00 -3.691109715756730747e+00 -3.204189538795619185e+00 -2.497255403562485820e-01 6.400626239424261676e+00 3.694329236105539760e+00 6.618108426303018099e+00 -3.055754088760201936e-01 -3.540109270604133940e+00 6.448247939505191706e-01 -1.834799248505277980e+00 4.421335608394475258e+00 -1.628126479456408759e+00
1.129538425774124111e+00 -4.423785049159292271e+00 4.519695367489342530e+00 2.348921305383750990e+00 2.513010350450806119e+00 -1.065636059707738115e+00 4.333302313239848935e+00 3.627774609153022745e+00 -1.380462824325058069e+00 2.156356488813987671e+00 2.336532711822921993e+00 6.786775518608033408e+00 3.820137585107596045e+00 -6.337078796840746264e+00 -1.036919846353868468e+00
4.941070921042272523e+00 -3.086204926084404665e+00 -1.816135925349039448e-01 -4.192073380610480626e+00 4.337289324030749071e+00 1.344840522194643562e+00 -1.746078315872529929e+00 4.610557009757232372e+00 -4.488349513687827752e+00 1.986628703469849544e+00 2.589226593751332572e+00 2.331615709258543223e+00 2.651852827710276639e+00 -2.214702821922062803e+00 -4.868370926928363041e+00
-8.119593713480044439e-02 -1.578566459867286387e+00 -4.952561792091042747e+00 2.006188642076832007e+00 3.285562522802067065e+00 1.883187798379796440e+00 6.132332331913027623e+00 -2.655133916523728210e+00 2.691450806688633790e+00 -2.190763225448598472e+00 4.057567874753817527e+00 1.846084795632685627e-01 1.678480850377841893e+00 5.557776306419635937e+00 -2.679065490692317475e+00
1.963220646232080924e+00 1.871895805812715752e+00 5.334820936948899556e-02 -4.418766438685748810e+00 1.595184097626984876e+00 -2.184886961896280066e+00 -4.591188395784311815e+00 6.229976624371807326e+00 3.733662346733440884e+00 1.460677273390957209e+00 -5.025391797630956781e+00 1.330838185287267772e-01 3.955650468408824949e+00 3.836049601486669847e+00 -3.381195510565750517e+00
4.983669393334658748e-01 -1.363357743171970116e+00 -6.740109043707609437e-01 2.692439098616744020e-01 -4.944176443578363944e+00 5.136846957098924804e+00 2.943370932399961948e+00 -1.592948256625930648e-01 2.269710920373246010e-01 2.294962292229542733e+00 -5.654087797611121680e+00 -1.698162605591020613e+00 3.354692054279548419e+00 5.067028621218296058e-02 -1.302148563374032397e+00
1.794100745059196422e-01 2.952239711299189384e+00 -4.275251243316245287e+00 -5.273954476669103109e+00 2.700579861236168000e+00 3.394653608852814752e+00 -9.088737491036305571e-02 -2.458573311872118250e+00 -2.353695624480573567e+00 2.716724081784319011e+00 3.048023075657321224e-01 -2.941319646112570574e+00 -1.189486006413750019e+00 5.710331478179720754e+00 -2.460355474741557025e+00
