-1.690539871333335853e+01 -1.764926851086160653e+01 -1.143927148409959216e+01 1.094787324745495205e+01 -2.597224655953934924e+00 -1.390979835767669037e+00 2.459400785566089453e+01 8.187238224693915711e+00 -6.436076037272963069e-01 -1.184589844378906065e+01 -3.258310273779132960e+00 4.193751645711492948e+00 8.412802095302053473e+00 1.102666759746082192e+01 -1.500445815503785063e+01 1.106933267096265716e+01 -1.824601848011340177e+00 3.609896925370655651e+00 -9.523985867576312714e+00 -9.091074601547839862e+00
1.132414562063038810e+00 -1.408922617010415435e+00 1.719343879390742735e+00 -6.311983791886271788e+00 1.502264997554378700e+00 -1.672793031711820699e+00 -3.902436932759376642e+00 7.921007508395831731e-02 -8.475566604788685510e+00 1.258589588179181362e+01 2.178899506596078783e+00 -7.909498959536322982e-01 -1.301015322240670358e+01 1.776022229122520280e+00 1.370657836716405420e+01 1.045137302849331817e+01 1.857580953678004132e+00 -5.249368018253044887e+00 -1.433908344865546702e+01 4.313519243496716449e+00
3.403255936620374289e+00 -1.302637632319920025e+00 6.202190259853364473e+00 -1.342588039603305416e+00 2.656077507373912017e+00 -2.749897155076998501e-01 9.362142042555170462e+00 1.389587302724877915e+01 -4.904975772183664873e+00 6.545486699473899606e+00 2.204607716012393581e+00 -1.954241022775590642e+00 3.663095839888163230e+00 -1.409411190629061750e+01 1.652701270059787619e+00 8.807668121463111399e-01 -1.838904339669300114e+01 1.699502919392171663e+01 -1.203886855823147073e+01 3.749706577170572874e+00
-4.041646322466697860e+00 -1.493266018924704230e+00 4.211124637104053825e+00 6.286983927994159727e-01 6.313014191462011482e+00 -5.800425572921503736e+00 1.499529748275696228e+01 -2.430967725186739425e+00 1.030702072631270561e+01 5.688033107561082602e+00 -1.281498912165632120e+01 8.934606803815070108e+00 -3.981366050942771295e+00 -1.574350730705393664e+00 -8.101430349241656614e+00 7.758562705472811238e+00 7.059038580016606446e+00 -1.440480407610325209e+01 -7.295771050856588502e+00 -8.822841062696141989e+00
-4.258984653021781419e+00 -9.971323048244477016e-01 -2.191727520516575101e-01 4.913267409901833638e+00 -5.207412895148004317e+00 -4.479531360144012098e+00 -4.411324191114532667e+00 2.064098414968616790e+00 -1.277988217395531834e+01 1.022362797221619779e+01 -5.555386915841006967e+00 -9.369590518583468253e+00 1.192669620491362359e+01 1.582144864788312866e+01 -3.602617166656314485e+00 1.040165330073397065e+01 -1.058793407689203470e+01 1.212802935162393503e+01 -2.315024014380382411e+00 -3.521521744643003160e+00
-9.832672547950345177e+00 -5.130248993984566575e+00 -3.054406488873415704e+00 2.390887346906211075e+00 -4.885903364181550579e+00 2.009427387042732605e+00 -7.431585120382448117e+00 1.472494908564117111e+01 -5.665837456533945549e+00 4.424011948346616485e+00 8.419236438912554021e+00 5.486643630892568346e+00 1.080013036833407014e+01 -6.713238159218334333e-01 -1.154901336970384307e+01 -1.109850961217593479e+01 -8.398587849494180801e+00 -1.172504777475354132e+01 -1.684694516716789048e+00 2.437659569642374535e+01
4.776438126706294973e-01 -4.775054783398996250e+00 2.622272419132284593e+00 4.228760907312544504e+00 -2.245055110220686156e-01 -1.267165427024244506e+00 3.201769770596691322e-01 2.708704493558647286e+00 4.684539237587003607e-02 8.192731814719710570e+00 1.389131609514381793e+01 -1.164428071581289714e+01 -6.620127565706448891e+00 -3.071387041890378367e+00 -4.645726284913189730e+00 9.243627936548589830e+00 -4.444859119582603491e+00 -3.344131363047444516e+00 -9.725503021217347666e+00 2.394261476274433420e+00
6.830820575484074730e+00 4.999417044311857516e+00 9.459523591261524089e+00 -8.801965471893147708e+00 8.837830300193161293e+00 4.630779526579470229e+00 -3.514619996363921306e+00 1.894923793166690373e+01 -1.761731332008784889e+01 7.542654097088874465e+00 -5.839537558699990250e+00 -7.214497270278489971e+00 -1.053589176586188536e+01 -4.930245993437432972e+00 8.060203871500556616e+00 -1.641681583119682930e+00 -8.780532177808510141e+00 -8.226582472212127684e+00 1.700189461276140568e+00 1.092306301371726995e+01
-1.342594824911491180e+01 -6.125224942292778252e+00 -4.717693808902411412e+00 5.722105167345747923e+00 -8.496871520480164364e+00 -3.850734032920294592e+00 9.779956626003791342e+00 1.343352046170333125e+01 7.539961919150757197e+00 1.043122346101132747e+00 6.594456198065388186e+00 1.173483197670309508e+01 -1.296127090726792552e+01 1.499081303872483417e+01 1.445218851010171335e+01 -2.026561183717939141e+00 1.773772094134531407e+00 5.001310668916919333e+00 -1.503466548111715895e+01 -1.143167497504426855e+01
8.479997533604596294e-01 5.058490309087590120e+00 -1.549819143470682281e+00 -1.311114722098048357e+00 4.627182927378716393e+00 4.423535948903341009e+00 6.939256763152540586e+00 1.185264648971957691e+01 1.957354886317435216e+01 -7.450268918563585530e+00 5.541953452679835301e+00 -1.745415265901115287e+00 -1.094803144359868696e+01 5.360144982769936561e+00 -6.236239797970489995e+00 7.330218366883775261e+00 -1.301090885436957478e+01 -7.740501744463045064e+00 1.578974013199840698e+01 -1.387181003788077582e+01
-5.484380482213124797e-01 -1.103026713468546305e+00 3.111883995389181479e+00 -1.257416459299435463e+00 1.638641247077629315e-01 8.459485455128232800e-01 -5.304630591245107496e+00 -3.148956229867080125e+00 3.646555612946760228e-01 1.046248701659794200e+01 -1.917819900115444653e+01 5.942596383499044954e+00 2.451454341315811192e+00 1.379657271298251509e+01 -7.911779347388508965e-01 -3.436548265960664317e+00 -3.446051741488289633e+00 -1.174906642712809557e+01 -5.490209874389749167e+00 -5.045335058954257157e+00
-1.042595263276125728e+00 3.362186642536023840e+00 -2.506818504487849264e+00 4.576881787173637584e+00 5.156929425012310553e+00 4.692219576363673816e+00 1.225852531870972584e+01 9.350405335654592420e+00 3.781739028949130610e+00 -2.007966361540058742e+01 -5.975312560646258042e+00 -3.511297431943103398e+00 -1.636100686258016879e+01 -3.463932684436389575e+00 1.532802023445929862e+01 4.601198550091025297e+00 -7.098616131318248534e+00 -5.103218049169544024e+00 1.164060536855281036e+01 3.405113526123973333e+00
-1.389393043986446585e-01 -5.734164815555558015e+00 -7.907193394189096836e+00 1.113680210224074685e+01 -1.602467886213803316e+00 -9.456447361442643640e+00 -3.961635281151634214e-01 1.354122419751404038e+01 1.542911949041543807e+01 4.231882989004397189e+00 -1.249632503534489913e+01 -1.376808016941041757e+01 -1.798543893607045030e+00 -9.406969485215731508e-01 1.080111310148972770e+01 1.384143168293472392e+01 8.518660318855996394e+00 -5.459642329945529893e-01 -2.029689613997077979e-01 -5.642181969454332702e+00
-3.501283343094896972e-01 -3.985864472087841115e+00 -1.206686979863075493e+00 3.602499081269444070e-01 3.147402810272601048e+00 -5.185875103934393771e+00 4.488993506828395930e+00 8.010540182582785107e+00 1.113121030882560625e+01 -2.064235065556141002e+00 1.288555309666145199e+01 1.118268416755222106e+01 -1.013174129364074538e+01 9.190554684941092844e+00 4.536463902248602409e+00 -2.175758435224307874e+01 -1.722762706533383792e+01 -2.983407634144282117e+00 2.191760139147430397e+00 -6.492564172314180482e+00
-6.116426260125931158e+00 -7.663207509004578810e+00 -6.345961267421043051e-01 8.359392450973066602e+00 5.551465644767299423e+00 2.701538834571057812e+00 -7.828057511275484437e+00 8.778781905259554819e+00 -3.905036614796610905e+00 1.424671774041149952e+01 -1.525573055853213411e+01 1.438975861955943003e+01 3.196550149234143046e+00 -7.435233418290472684e+00 -3.646981340120923676e+00 3.796979322802358503e+00 -1.361402562291173446e+01 7.824151401079357804e+00 6.504826895732928271e+00 -9.062976383445729311e+00
