8.419989735686793375e-02
-2.802668562564318289e-01
-6.467790086195354671e-02
-1.665896309348174203e-02
-2.330196098705822338e-01
-9.930194641609801920e+01
-1.138706904665725411e-01
1.591959732894376867e-01
-2.835891520389064585e-02
-4.402874599001086864e+01
-4.255280830046386659e-02
2.107113190819460691e-01
1.477021236921746139e-01
6.250234501555723687e-02
-9.521278846821386310e-02
2.630450540868499165e-01
-7.673280866719242588e-02
7.261348222539222574e-02
-7.379823354624366963e-03
6.384599319824871277e-02
2.253880687826745333e-02
-1.843289092801436158e-01
3.993110980700897272e+01
-8.607092406104863147e-02
-2.161180412919439311e-02
