1.026277216625963051e+00
1.072587701813879857e+00
1.063968237477817658e+00
1.052734659937440753e+00
1.063906815067287459e+00
1.077545421471406195e+00
1.090934257163002297e+00
8.584136291330306534e-01
1.018005814616488980e+00
1.056508641712184282e+00
9.912076500764909204e-01
1.028725663880046826e+00
1.062825647732505097e+00
1.140075221047721410e+00
1.094719890240050786e+00
1.065083866329310958e+00
1.108943595891965783e+00
1.042053066411636753e+00
1.028895970904106560e+00
1.194468735701714746e+00
1.135712931103983303e+00
1.040812174831055481e+00
1.106272195580874751e+00
1.132683295331399664e+00
1.185596856922486397e+00
1.268348333519912829e+00
1.146070634339641847e+00
1.009727414562307191e+00
1.259078140008742963e+00
1.227835014302093297e+00
1.114541395736088791e+00
1.117844217630444836e+00
9.782401189760283611e-01
9.630215830360310258e-01
1.120355169730490763e+00
1.219958063985616015e+00
1.241089576222706325e+00
1.081178974763709277e+00
1.053707154139836843e+00
1.140619806987831941e+00
1.015506170842314981e+00
1.092553793015262231e+00
1.112725372562447079e+00
8.920538091344049070e-01
1.030432894229369900e+00
1.196686257550459098e+00
1.183514218337008206e+00
1.108049427826965250e+00
1.061093594228671000e+00
1.251127478743890631e+00
1.066009460639783413e+00
9.738811097862705157e-01
1.026343718718840670e+00
1.017185170551250240e+00
9.273066439883722589e-01
1.090637329603918237e+00
1.167486435559367264e+00
1.083878415410240104e+00
9.674143791997920072e-01
1.033611911332845468e+00
1.085691019321506801e+00
1.232329724521389780e+00
1.224987835674001158e+00
9.639578544391204096e-01
9.497138308464092571e-01
1.008954810071753361e+00
9.990367600169778317e-01
9.975386710086762143e-01
8.783495180979192796e-01
1.020197558135714555e+00
1.195926087621477674e+00
1.329522071167078101e+00
1.403326127040282811e+00
1.288105355503270877e+00
1.103025403405455185e+00
1.042177647934962925e+00
1.001001598194460662e+00
1.151568758591878350e+00
1.206328066452412751e+00
1.027768931218351334e+00
1.131908282598510285e+00
1.271800065221426745e+00
1.304077767792492404e+00
1.309834165535982198e+00
1.087658762446605865e+00
1.028346595322650492e+00
1.154799174561534025e+00
1.321799265448692084e+00
1.314130715264144600e+00
1.152393443685071128e+00
9.657006631169574584e-01
1.241411543234593573e+00
1.204242922927009518e+00
1.063429548423477256e+00
1.182415200684876710e+00
9.442085034489369200e-01
1.156547852978646818e+00
1.214352594545101693e+00
1.196855105432683697e+00
1.081295400694996856e+00
