-6.793699860102360155e+00
-5.014942896109734427e+00
-5.318995682446130857e+00
-3.255720549989940427e+00
-6.883708043869755322e+00
-8.786775902633248592e+00
-5.093309614243783479e+00
-5.730738585176581523e+00
-2.016230163270413822e+00
-4.898569289811225858e+00
-1.233668070073441392e+01
-3.548235987178758322e+00
-6.262829223562931702e+00
-1.256554226571067634e+00
-5.309328571865821189e+00
-1.259244861216855682e+01
-2.686104041435801282e+00
-9.286557971858185212e+00
-5.533106169926868212e+00
-1.211117556233373804e+01
-1.211847028331073162e+01
-1.026664211576434838e+01
-8.264279640897047585e+00
-1.135899183977178595e+00
-8.591790244843355850e+00
-5.135730278611029043e+00
-7.233566426370252600e+00
-1.091665777855419606e+01
-8.309794158667088482e+00
-1.260691081931204494e+01
-1.054820258810537759e+01
-5.716852166592701678e+00
-1.213961258292332346e+01
-6.213918351707325982e+00
-6.725910049095147336e+00
-8.006581509601876645e-01
-1.371379735392055110e+01
-1.497520966947867471e+01
-7.501137682466019641e+00
-1.089510809740438013e+01
-7.960520478948941658e+00
-6.508582365615978915e+00
-1.050107442475647446e+01
-1.439250036167706581e-01
-7.387499999439389953e+00
-1.959802867259030634e-01
-8.052060285730952671e+00
-6.953110755368123286e+00
-1.059292412750605816e+00
-7.955341072791896728e+00
5.582018291824815570e+00
-1.072629783599895426e+01
-1.227134037724522209e+01
3.454233633485938593e-01
-7.253658790948728452e+00
2.428882971479914832e-01
-7.960605403627776688e+00
-6.862290834419646046e+00
-1.256015461059077865e+01
-7.438260163446620332e+00
1.010768766093536053e+00
-9.535887306688488607e+00
-7.025702361058344891e+00
-7.859531688447066955e+00
-1.170683189292281057e+01
-8.949010273718200903e-01
-3.409115875382249694e+00
-7.525722519771933960e+00
-6.296243989199124869e+00
-8.106844608340928460e+00
5.132301451296187977e+00
-1.193397385577513603e+01
-6.323184517685157324e+00
-4.269480158225306354e+00
-1.172410040486518490e+01
-4.984139872089244250e+00
-1.168944337422594337e+01
-7.079542857285931134e+00
-1.126157077788485950e+01
-1.245732637959009104e+01
5.248368725687040381e-01
-4.793167700282332078e+00
-1.140180225492889399e+01
-1.186603514401411985e+01
-4.636451542616135235e+00
-7.037761006476326742e+00
-7.216766696662775260e+00
-5.074784718151128970e+00
-1.268543221928576692e+01
-5.875364412131053982e+00
8.496972469602843248e+00
-8.973063814737377797e+00
-1.111479467462306125e+01
-1.389584378295951517e+01
-9.217939804091081157e+00
-5.480053329486497482e+00
-5.565500248975676634e+00
-1.162391887233006216e+01
-6.171677293315180890e+00
-6.418016956316586530e+00
