-7.831361236570823614e+00
7.157928123890212602e-01
4.424806903501419808e-01
-6.058371821121760092e+00
-3.843206031536024359e+00
4.957119637726475680e+00
-8.257529086141596864e+00
-8.431563225843285991e-01
6.945252579547331884e+00
-8.205807161586045950e+00
-3.864771382632055552e+00
-8.059847361510210639e-01
9.354158045680062372e+00
7.229985906569052823e+00
-4.574045341169403756e+00
2.681547891961134411e+00
-9.832437319987301194e+00
-9.715679732451857120e+00
2.881539287858181808e+00
6.083307949330023945e+00
-1.321617856972646798e+01
5.108311630736765530e+00
1.258968608175573323e+01
-1.310874833396211514e+01
-3.365781283622053088e+00
-1.003875056271791522e+00
3.637803234057495061e+00
-4.463778036989591441e-02
7.972951886205501104e+00
1.927868464015665495e+01
-7.045910002808875916e+00
6.509910984610799645e+00
-3.247118138886155414e+00
-1.441115895643685085e-01
-2.635246224300593187e+00
1.142780195546743016e+01
-4.301220098316552054e+00
-6.488257199285309085e+00
9.220033700463202919e+00
1.123658964216195599e+00
-2.920477585486751959e+00
-3.123302671684368814e+00
-1.365625391380811182e+00
-8.423378955473657115e+00
-2.234023236643249088e+00
9.704017622964525858e-01
-1.089175040698222929e+01
8.848101238110501754e+00
4.025127838051578699e+00
-9.472942533304051338e+00
-1.847437564995895842e+00
-7.501861148355235542e+00
6.374987607325277583e-02
1.621288932268162242e+01
-1.350162301808652998e+01
-5.280044133567907139e+00
4.370740568806851023e+00
7.314434524448738983e+00
-8.808668508803200181e-01
9.781565757947598527e+00
1.183505680834262774e+00
3.111921245556160009e+00
2.458092845582564134e+00
1.405885665318222877e+01
5.614831031265676842e+00
4.658804305095289422e+00
4.446961673810577054e+00
-9.428412922745385671e+00
-7.136521252422576289e+00
-2.160649651043243802e-01
-4.572228241566096862e+00
5.961367734537271090e+00
1.242009555180252711e+01
-2.685167551879664161e-01
-6.176766417958024391e+00
1.299974098699507641e+00
5.154938427895616293e+00
9.124756109134997129e-01
-5.168306408807783470e+00
2.454783093324468979e+00
-4.672463795538147835e+00
-2.767425431859799723e+00
1.434559396811112775e+00
2.185354843610623821e+00
-2.644446786274390337e+00
5.274922053959321566e+00
-1.054284356183954507e+01
-6.726991954155506548e+00
-2.306449100518665141e+00
1.156908945417451484e+00
-2.336100473095356289e+00
3.300862651661058411e+00
1.887538456997140734e+00
-9.652009638600419494e-01
-1.032748326629004332e+01
-1.313586858459433948e+01
7.923566266096758959e+00
1.443262285547009416e+00
-1.599489083153546432e+00
7.819210427777885108e+00
-2.121463321938989566e+00
-7.506001769002571322e+00
1.848700878311906770e+00
-8.481241362911493553e+00
-3.013607263365265521e+00
-1.121562359797815311e+01
5.840808207957577380e+00
4.312433493259756889e-01
8.401530869090011677e+00
9.660559409865362435e-01
1.006564370269808961e+01
-1.415088211229428738e+00
5.177476927622286063e+00
9.368153928242991313e+00
-9.429711234914718077e+00
-5.673793639643935016e+00
9.320213721728903167e+00
-5.801927201980805471e-01
-6.582023341481836098e+00
-6.625874779423602590e+00
9.598236108875401129e+00
1.452128920855516903e+01
3.032583389744192282e+00
-1.497097584523745084e+00
-1.673591962928274501e+00
-3.831313041449565304e+00
-7.301447709466703628e+00
9.290014858178674118e+00
1.342724436669455024e+01
1.248228124079483248e+00
1.967649350826754517e+00
5.157168471847083602e+00
1.844852932224700481e+01
7.236240870060197672e+00
5.518539950745822154e-01
-8.585039565248893112e+00
-4.321770518874448186e+00
6.308814756062486317e+00
4.782426239891597319e+00
1.586713125998548790e+01
9.364410506931726275e+00
2.507333552441810998e+00
-2.536777632202129151e+00
2.028184318354730564e+00
1.302867768109218893e+01
5.426957450825448781e+00
-8.361022542707576832e+00
6.263933196361712419e+00
7.517591675401863682e+00
5.151585909033910227e+00
