3.900538522781061834e-01
-1.958534368925612668e-01
5.264782988568295075e-01
5.939255496840080140e-01
-9.743739783141629196e-02
4.396615423757639363e-01
6.415575875190958621e-01
-9.059776239021558597e-01
1.395480895874527283e+00
1.800733841787287570e-01
-5.111979517043777621e-01
-4.065288700020371349e-01
-1.034905647024860986e+00
-2.145689263914587197e-01
-8.588702585655831889e-01
2.670042264559268630e-01
-1.007913506268276693e+00
-2.291261342657471278e-01
-1.119177348754076373e+00
1.639382443790123600e-01
-2.233154974909914298e-03
-3.534802124445746152e-01
2.316070892324759156e-01
2.064574486109463369e-01
-2.319121061696196029e-01
-8.113076262966747443e-01
2.063413362886119262e-01
-4.476461958448202383e-01
8.917885200710519433e-02
8.246025429315589905e-02
-9.527085636587942497e-02
6.357427336026845177e-01
-2.945388344786172286e-01
-6.566783507240595563e-01
7.499884257720870750e-02
1.095127344938954028e+00
-7.854058154947070325e-02
2.201064926865817784e-01
-4.613309475593679321e-01
-1.844148243129160869e-01
-1.892947433179440697e+00
-4.179316949349594079e-01
1.818305933611473191e-01
-1.684002450975209675e-02
4.654806180699959106e-01
-3.147217440627985141e-01
9.904730149241160186e-02
2.872117689511343719e-01
-2.146869349946129713e-01
