3.798140761511850649e-02
3.894646633810718295e-01
1.347646237311092912e-02
2.658383873093944638e-01
-3.903422740209778335e-02
-1.838827218391523854e-01
-7.961722951604889575e-02
-1.024988693349558666e+00
-1.730098522627827179e-02
3.877570531308012214e-01
-5.974511526337028533e-01
-7.311850363574590519e-03
5.777960357832584437e-02
-2.512705897784849388e-02
-9.842615890279780011e-01
-5.354595989895611849e-03
8.534362509725703649e-01
-6.498740292378997994e-03
2.125062323911896256e-01
2.831962770637470178e-02
-2.815980794481164062e-02
-1.041977650097431762e-01
-1.184781007968142494e-02
-3.907704195331900693e-02
-4.076334343897140833e-02
2.004171011336294550e-01
3.353087497401868733e-02
-6.781838626507996626e-02
1.093840468330724292e-02
5.189873848094951336e-01
-8.100413349345436664e-01
1.503284628070608239e-02
6.579513256046194691e-02
1.478494676003933375e-02
7.570795945032902097e-01
-2.957997253997461488e-03
2.717982517740670234e-01
4.335008796874455922e-02
8.030271915428682794e-02
1.179893232137723194e-02
-7.249190321665308079e-03
4.870055178868872847e-01
1.878820621105056505e-03
8.546170311805439956e-02
-1.422365292766920863e-02
-5.170543983351434392e-01
6.403657152645787385e-04
3.791556420124469473e-01
5.409067097634404769e-02
4.848074427876219450e-01
-1.046876418339732911e-01
4.508713628123373974e-04
-1.947751163626117998e-01
-3.484928637131955859e-02
-1.446955331183621685e-01
1.451572979893122999e-02
-3.766742698674210299e-01
5.031149785728473989e-03
3.269538364278876674e-01
-6.229932496814290753e-03
1.457148178298342880e-02
-2.120641643029817086e-02
-7.375089641091234216e-02
4.446579341579570688e-02
-6.628739530508623821e-03
8.357875309480884418e-01
6.197313672788555203e-03
-1.985454767653073438e-01
-2.093349127892398659e-02
-3.420080681282591240e-01
4.448341643570518505e-02
-4.195700832456995821e-03
-9.467492375312355768e-02
-3.475252735813537386e-02
-9.296507396320556893e-01
3.729250325097061697e-02
2.856432180333077775e-01
-5.103710952919269551e-03
2.425835680973423281e-01
-2.827058420321954327e-02
4.533264172614513698e-02
-2.432170572909892470e-01
-9.204110514292178011e-03
1.043163688298625325e-01
-3.306047450469194737e-02
3.068737680700959689e-02
2.787597701893432863e-03
3.045237002979131469e-01
-5.018370114854095454e-02
-3.718218631720568990e-01
4.282853579046862480e-01
-6.341529289601677104e-03
-6.655244497476376919e-01
-3.650233123529042500e-02
-1.741305837178789284e+00
-5.667499847528027074e-02
-4.138655498273409172e-01
-2.555810237256032208e-02
-1.271488078913594499e+00
-4.501320841096251996e-02
