-8.284158762980132096e+00
-9.903414102440732947e+00
-6.863507954645262643e+00
-5.871411115902781752e+00
-1.042805324439181547e+01
-1.164517387409309102e+01
-7.754420035286703872e+00
-1.014216220410047953e+01
-6.745321204390211989e+00
-8.454838328439477024e+00
-1.352588481081254912e+01
-8.129648147029698180e+00
-1.016101676100838347e+01
-6.023131431420928550e+00
-6.911575824902185694e+00
-1.365070151025004108e+01
-7.060107290019351112e+00
-1.346434615412438873e+01
-9.073906394774098771e+00
-1.393240137603703310e+01
-1.326534336758913746e+01
-1.127908401275086980e+01
-1.146156055501529814e+01
-5.669115118863991221e+00
-9.643607585248066272e+00
-7.044540132274203614e+00
-1.099167383174833645e+01
-1.229728483104032222e+01
-1.258928588602480936e+01
-1.393726427550112490e+01
-1.225336086813137726e+01
-7.018328255090654721e+00
-1.328290820279575257e+01
-7.643506799661149209e+00
-8.315955043226351151e+00
-5.228290874178652459e+00
-1.485291631044358063e+01
-1.670316851363847022e+01
-8.879082592809748320e+00
-1.196369613635128104e+01
-9.839902050172383952e+00
-9.516226556029847572e+00
-1.325073977780710344e+01
-4.530102096109299481e+00
-8.613383445886459100e+00
-4.964065352777765838e+00
-9.624198924189441229e+00
-8.644549404703981921e+00
-5.635054424820255647e+00
-9.706338060949743607e+00
5.838270678157970295e+00
-1.236630397217129662e+01
-1.464213712897191932e+01
-4.083483713635904344e+00
-8.664223778768768369e+00
-5.150870059744497631e+00
-9.678087623547407148e+00
-8.841754260400335852e+00
-1.373367171549451982e+01
-8.660405708528466917e+00
4.613798691510628269e-01
-1.306312890310327113e+01
-1.003431646522769682e+01
-1.086029732681440052e+01
-1.431541358657349328e+01
-4.836660895593030141e+00
-4.471067073522109858e+00
-8.634102619753884156e+00
-8.701818494783752911e+00
-1.252576046432686319e+01
5.328032738805892343e+00
-1.817546170762610203e+01
-9.673000906845095059e+00
-7.883843915243191169e+00
-1.545685106030617106e+01
-6.798363904219381304e+00
-1.326075090993834316e+01
-9.517816413986160740e+00
-1.237298094271752369e+01
-1.382329121192092103e+01
8.713843754604516656e-01
-6.135749277943570945e+00
-1.538463695588928637e+01
-1.612629255640590742e+01
-7.885544063777723878e+00
-8.983488756943936338e+00
-9.882799634864213090e+00
-7.661518525048296446e+00
-1.443289190755451479e+01
-7.440902478749638504e+00
9.086214140640217707e+00
-1.549468168292551340e+01
-1.630360539689030119e+01
-1.937344928205034833e+01
-1.268226406136904494e+01
-1.060117003158636706e+01
-9.092700093287630736e+00
-1.253933546323093040e+01
-8.836677709763719690e+00
-8.515761138631404492e+00
