-1.185268899336819715e+01
1.455669648811442896e+00
5.728954929708610089e-02
-6.712465791991578001e+00
-4.950392276540426018e+00
6.482716245249117826e+00
-1.144962785223695967e+01
-5.299396796217996641e-01
8.687074228547039922e+00
-1.197858032426274377e+01
-5.739987988664491780e+00
-8.106058205164201613e-01
1.341806991099454649e+01
7.926278377712341339e+00
-7.656431646312494621e+00
2.906345473209050567e+00
-1.323987584617282565e+01
-1.269531859886015113e+01
3.769582709745947113e+00
6.942960358107239216e+00
-1.680308997019747252e+01
7.326847563154440302e+00
1.996218617786640337e+01
-1.773749821456897990e+01
-4.828320701367629475e+00
-1.109156442510764062e+00
6.783748210680724533e+00
3.735045425132432761e-01
1.156065057291382026e+01
2.331438537653219001e+01
-8.459795666000754721e+00
8.112635320957155116e+00
-4.171147766267069734e+00
7.604914141094986091e-01
-3.469174657606878487e+00
1.576511294503012550e+01
-5.134759507877220130e+00
-8.635954374273481449e+00
1.050627536792611494e+01
8.361856887000741478e-01
-3.747202932636931827e+00
-5.417866636374333744e+00
-1.914271086427541624e+00
-1.062081691628623936e+01
-1.400890828638121643e+00
8.601548776124258167e-01
-1.307709923002899188e+01
1.144267349759362595e+01
5.851084923942701188e+00
-1.343406157641673992e+01
-2.698094656355459531e+00
-1.154220612520181710e+01
-2.216130688259335124e-01
2.039568385368798431e+01
-1.814543864102742532e+01
-7.830052634864355099e+00
7.532891165363622576e+00
9.446201053311288121e+00
5.788881468146558351e-01
1.475013314201549086e+01
3.298941794501349389e-01
4.053961451682230432e+00
4.184078761139486957e+00
1.815489180845988670e+01
1.008335129040382050e+01
5.602029580332704484e+00
4.636434445167762597e+00
-1.176244465852116328e+01
-9.321562131423432263e+00
-8.651036052855826108e-01
-5.585631282274285070e+00
7.693153513729300563e+00
1.995217555331576875e+01
-1.586488682625792013e+00
-9.716744755822109170e+00
2.040036572452416319e+00
6.655485263339088853e+00
1.844950178699649168e+00
-7.080502512478546784e+00
3.877315362085329120e+00
-4.838137010409034211e+00
-3.939163637570118670e+00
2.361208368377341049e+00
2.811949622562622597e+00
-4.247500851667483701e+00
6.849618607936379888e+00
-1.306580990709194090e+01
-9.733019856046061236e+00
-3.343388399438761205e+00
2.419609934790666994e+00
-4.196733536565635525e+00
5.242376416988991039e+00
6.930924417078154764e-01
-1.244368589465878028e+00
-1.191901772564238726e+01
-1.762473980341512103e+01
1.249704318367290945e+01
2.668173973571104529e+00
-2.051324072472328286e+00
1.074743240248902687e+01
-2.680338373970976296e+00
-1.054700234509587276e+01
3.060854962665776835e+00
-1.197917533532574730e+01
-3.644210592040053154e+00
-1.456574603693925241e+01
7.540422278052321126e+00
2.179781379000462760e+00
1.072200910539826424e+01
1.858167226578707754e-01
1.476212624768552217e+01
-1.797092206585196639e+00
6.491585043309198610e+00
1.158991981986509323e+01
-1.293169285367771160e+01
-7.626577057579082997e+00
1.126035208450293901e+01
1.343839796893011446e-02
-7.143720516318075475e+00
-6.436575901090201945e+00
1.150722949695398967e+01
1.898642984799536748e+01
5.570752067746068903e+00
-2.263742164952067704e+00
-1.433276044749547840e+00
-6.608176313902245802e+00
-8.137107455090472286e+00
1.116512598839300807e+01
1.702490671099783270e+01
1.695426636038220636e+00
2.880129048179479234e+00
6.179051164542443075e+00
2.456142123927749310e+01
1.263814595175974276e+01
-2.959661465038531669e-01
-1.163386638487878599e+01
-5.056738797192264379e+00
7.531879664529709473e+00
6.310572177296748464e+00
2.108304299975646146e+01
1.705844631716005821e+01
4.287413951125160771e+00
-4.563278746971536570e+00
4.336953082952809346e+00
1.786472245949787663e+01
6.777635021782548286e+00
-1.137545427453176394e+01
9.254551830735483264e+00
9.225761509870018529e+00
4.728995002015542681e+00
