3.605566443337795968e-02
1.606989048349811711e-01
1.444848166389865352e+00
4.519786459710168347e-01
-1.275746923926268928e-01
-1.058825939068092498e-01
3.103700670878603685e+00
1.233226156702122295e-01
1.059645652752779638e-02
1.003391502275523317e+00
3.095701147343296947e-02
1.501043087950540700e-01
-2.643760685333486626e-01
-3.190123765984698156e-01
-3.969165415294834826e-02
-3.994123589394393825e-01
3.097674673179767746e-01
1.618941010756164145e-01
-1.147026113467778108e-01
-2.858099563428542766e-01
2.772101297059231251e-01
4.652142684275812901e-01
1.898985626363054735e-01
-2.147825014185578141e-01
-1.282540011532923296e-01
-5.408555715509503203e-01
3.826014273430299317e-01
1.331047325169669726e-01
8.154027994634306664e-02
3.448393605882095758e-01
-3.837432513821025792e-01
8.970794370506155468e-01
-4.978719880815599197e+01
1.244985056288297587e+00
-2.752029055621031395e-01
-3.389345610535439146e-01
4.287398682376129533e-01
-6.014816802397335987e-02
3.764059709461353154e-01
-4.727257414518623335e+01
-1.110273930855716629e-01
2.359609361408256389e-01
-2.341834960428287538e+00
-7.021105934549105587e-01
-5.660605299576253469e-01
3.376384565892022738e-01
3.090369500990245988e-01
-1.665985081863833317e-01
-9.087663604219928248e-02
