1.265826652124061535e+00
1.110554025434047354e+00
1.208611856978329957e+00
1.174223875869246037e+00
1.093679935741659337e+00
8.944916161528705389e-01
1.120325620755369789e+00
-3.612400776394575352e-01
1.090819735315753380e+00
1.267772439753379166e+00
7.609043351638835606e-01
1.200348998109565857e+00
1.008365931705085483e+00
1.075965072640073350e+00
1.084541084355378437e+00
1.131708048544984635e+00
8.209580035691912414e-01
1.219986991184318859e+00
3.618727358152709073e-01
1.386381341423789104e+00
1.286771560421907434e+00
7.748383625993439106e-01
1.217843891232209153e+00
1.206437726813983646e+00
1.201638936337048991e+00
1.238442008825978435e+00
1.315375708030885882e+00
-1.756124343163210227e-02
1.435678296046726476e+00
1.101365249093086307e+00
1.338593500994169183e+00
1.277096396336673267e+00
1.062825969191732556e+00
1.025555635243652564e+00
2.554179363691505333e+00
1.267526320024837894e+00
1.608237088305269458e+00
1.252769880405233405e+00
1.383842629819808767e+00
1.280091285313396332e+00
1.232600726926796897e+00
1.412521758483381129e+00
1.341502724702497318e+00
3.768483940935790644e-01
1.103508164618875131e+00
1.273696766853260165e+00
1.173777180871359516e+00
1.001057131516826848e+00
1.089048703915199257e+00
1.519812287323492050e+00
1.277198859318462443e+00
1.135846428516500195e+00
1.143265103911120351e+00
1.486115881598719213e+00
9.585259930652272331e-01
1.215843726430628546e+00
1.005477188011385969e+00
1.784195385129508482e+00
1.137161415658746400e+00
1.218686434676557351e+00
1.284369471580131927e+00
9.652079095858558944e-01
1.086409989105183715e+00
8.844037667176227746e-01
1.137904990156154650e+00
9.628423135020244272e-01
1.048071774144289980e+00
8.887429456004726225e-01
1.037538466539162707e+00
1.303858846014853023e+00
1.363412823480395719e+00
1.242976693676852040e+00
9.212899307678129590e-01
1.399732302987465316e+00
1.163110678799541775e+00
1.133433386015532562e+00
1.679571520025537890e+00
1.300741475640431855e+00
1.013249834836198460e+00
1.225503310356943931e+00
1.211489672669752382e+00
8.547743141760940633e-01
1.139555045541394307e+00
1.186115812475429854e+00
9.809309285061745820e-01
1.053857399459551258e+00
1.285080722117870611e+00
1.369636418598332961e+00
1.454818701682647486e+00
3.165675571172826608e+00
6.718125264026854060e-01
1.391795182010049370e+00
1.359326855389214161e+00
7.516061230440104213e-01
1.318613244009085639e+00
9.741419381837441716e-01
7.981900440795158813e-01
1.358018190119378632e+00
2.310196126322103527e-01
1.146043136673495999e+00
