4.299047832089641918e-02
1.044966562571209012e-01
9.298657958722448755e-03
-9.667198463547012344e-02
-5.106261822466252875e-02
1.081173071996180575e-02
3.225402471095965146e-02
3.661300815723995961e-02
-1.468394779965283108e-02
-4.528273360588806751e-02
-7.028560896848773734e-03
1.150220248666082926e-03
-8.179317995812554476e-02
-1.277949641314758411e-01
-5.152421859971084012e-02
3.375500771705346181e-02
7.075220971696138950e-02
4.808782661088057547e-02
2.593269171144768539e-03
2.683029467952358256e-03
-4.415421851554315880e-02
-5.975251572347717310e-02
-1.075501984406466854e-01
-6.398789287446894625e-02
-3.848196974157466754e-02
7.832468048642191386e-03
6.441970356202490755e-02
6.829793322354484053e-02
4.148882127498713240e-02
4.244013669931366584e-02
-6.458666181649236337e-02
-3.681018872165483374e-02
-1.035459062595671664e-01
-7.874601967197472630e-02
-2.052824717706505653e-02
1.972563430348706764e-02
-2.921016955525843756e-02
1.937320548324892103e-02
3.465527309233953912e-02
1.219263704636905019e-02
-1.422843906340187647e-01
-1.047691602947601330e-01
-6.475277604596360592e-02
-5.348629366622720260e-02
3.047634867825583984e-03
-2.170428817261293650e-03
-3.495740827559400826e-02
-6.588826972871197896e-02
-1.353924766542230138e-02
-4.695885648946308139e-02
-1.236733786606052377e-01
-7.174973481525877272e-02
-4.098324079989817958e-02
2.802660241830695620e-02
4.424840733837219486e-02
-1.659209275278377554e-02
-4.922341804084141154e-02
-7.929116928194640534e-02
-2.421255762364229666e-02
-5.838145905273217640e-02
-1.031038416532943786e-01
-5.880701081480538273e-02
-5.568148364497679803e-02
3.939065292162018811e-02
-4.089383393882773526e-02
-4.996094479625173140e-02
-5.235453619193082553e-02
-3.196765504881367292e-02
-5.895071690674850290e-02
-6.957869214439302286e-02
-2.389749434064326883e-02
-8.369798219960274122e-02
-1.830409742228730069e-02
-7.119142834054920099e-02
-6.412591112151860839e-02
-1.035329592964966822e-02
6.194832250021486963e-02
-2.573765063197318639e-02
-1.817110341782399857e-02
-3.875610341413133347e-02
3.428040399345887168e-02
3.140503772848374231e-02
-4.020168228567280039e-02
-1.128822879287425668e-01
-9.022346837998564129e-02
-1.045979997522138508e-02
9.685002454470381661e-02
7.594319651228927104e-02
-1.489244893760258669e-02
-1.521538886067819521e-02
2.774906440987708403e-02
4.989045043397166007e-02
-2.781529502820954958e-02
-1.276954373786733654e-01
-7.868101490435068512e-02
2.257333705683421676e-02
3.759991123566500809e-02
9.523172281461393662e-02
-3.018458211312003911e-02
-7.151997410056079585e-02
