4.285379830227794562e-01 1.343098761009289266e-01 2.603204569128951262e-01 -1.532842341363241101e-01 1.170446116476154264e-01 -8.722170229427310406e-02 1.690671449490043221e-01 8.220707049019732038e-02 -5.969861988554230336e-01 -1.090133843220811166e-01 1.477481885966595576e-01 5.082811199050245310e-02 -4.613508722035385146e-02 -1.255483813313209851e-01 -2.122902124694288073e-01 -3.026283721680547711e-01
6.469977548527460209e-01 -9.807921291278431930e-02 9.831419658357422320e-02 -1.353769366720646572e-01 -1.046828703785363801e-01 1.625106336024823017e-02 -2.193482408405550144e-01 -8.138636281056063279e-03 -7.839583952276051315e-01 -7.725076882009253298e-02 7.257172257792260384e-02 -2.767754748570410567e-02 -1.494902028987265263e-01 -4.224667797793952434e-02 -1.536387881168940484e-01 -1.209356533873925388e-01
7.036626602101107020e-01 -1.159017409320826503e-01 5.556644606104833850e-02 -8.427833786369370861e-02 3.401255075712247139e-02 9.360919810070342240e-02 -2.835930419516815570e-01 -9.533179959264502512e-02 -5.382038723846100936e-01 1.485440527230149355e-01 -5.754976623095189869e-02 2.716774206260056182e-02 -1.328490984982207690e-01 1.975566886694731239e-01 3.976032294936970302e-01 5.853023796671099482e-03
4.968597524964169510e-01 -8.939618333318095911e-02 3.855315776495503964e-03 6.752238869383206388e-02 8.790710319544388363e-02 -1.279635313209862013e-02 -1.749338278943219083e-01 -1.876168705452947449e-01 -1.075744147754204710e-01 7.317591543206372617e-02 -3.663273341188901661e-02 -1.200222159221300648e-02 -7.150278350349699441e-02 2.465081196103140748e-01 8.854391388383441308e-01 7.356990744662446347e-02
1.406626407748514385e-01 -1.741726965778728486e-01 -2.349756044738481042e-02 6.728801835587246497e-03 -5.807827687355863328e-02 -1.205929934989066060e-01 -4.418635613874131313e-02 -1.483011701459339138e-01 -5.454372660758960434e-03 -3.674301754227723982e-01 4.073778785911647687e-02 4.071362117232286623e-03 -3.088782727854611984e-02 1.589904477635872282e-01 8.096492787689995030e-01 -7.714518140697692282e-03
-3.233634320068365375e-02 -3.511721653603744331e-01 -5.051787655711472563e-02 -3.808505139598832717e-02 1.154753397520520003e-01 -7.864856454671263764e-02 -1.434913270602190261e-01 -1.271622134965849082e-01 -1.070048749848720587e-01 -6.719334440417917831e-01 5.510860222549900100e-02 -1.936339453166668542e-02 -3.789132103074445423e-02 5.158321312841446238e-02 3.832837559616696366e-01 3.836167487495358713e-02
-2.405550344845992436e-02 -4.305329591347252793e-01 -7.701022359758798175e-02 -4.138320584314723188e-02 4.730193846190091644e-01 -4.790905679424366931e-02 -2.553068724525219269e-01 -1.512133784361420763e-01 -8.765129652942142691e-02 -6.001600837660606702e-01 4.220653362099473921e-02 -4.114304531054063102e-02 -1.402225845347452281e-02 -1.724241438454623965e-01 7.059235124970496267e-03 3.799436203709050802e-02
1.390704994028746713e-02 -2.104116574645204796e-01 6.131483066688728917e-02 4.024382594908709060e-02 8.543935677523480932e-01 1.612622948185573127e-02 -5.274854339995827673e-02 -1.491945936897746405e-01 5.176621759164452830e-02 -2.673797026959929823e-01 3.892776639193508414e-02 -1.337622383195571918e-01 9.285935233296068597e-03 -8.559001141046193584e-02 -1.430222547672231614e-02 2.724235254369621745e-02
6.945022671341447018e-02 2.630142594973478021e-01 2.181144300561062566e-01 3.642055448173249499e-02 1.052009119226202660e+00 -3.620335408208324307e-02 3.183749315028877036e-01 -8.304296852857252775e-02 5.683812346684474076e-02 -4.132950081131570724e-02 9.198971062181528213e-02 3.537682687539982739e-03 3.387717381666240438e-03 -1.153789848237987553e-01 8.628308302077244973e-02 -2.275509081402308231e-01
1.160936771345994212e-01 3.296102566576237236e-01 3.344645120934983673e-01 -5.675867054002941420e-02 5.127684354192968419e-01 -8.815344221343279774e-02 4.266748218379273205e-01 9.283160544479585052e-03 -2.421558669569847388e-01 -7.259261051977347612e-02 1.514939819075087901e-01 2.502422499596012803e-02 -1.053281701078852446e-02 -9.388236918161917133e-02 -1.552436777121848389e-02 -2.914041004622149877e-01
4.608477146233954658e-01 4.856420946792978227e-02 5.825346985691044477e-01 -8.662735393033559050e-02 -9.667357403252925530e-02 7.024282966924300792e-03 5.933894442974479988e-02 8.374890409885613063e-02 -2.348985365122930880e-01 -1.163623005945162714e-01 1.471183499960452279e-01 1.285914703686602267e-01 3.852248598829009774e-02 -1.677389935078235639e-01 -1.230197448151760103e-01 -1.426221664298457648e-01
8.502771693993389501e-01 -8.627648408529672852e-02 2.704009224347144746e-01 -1.631846094301332983e-01 -1.620995241243194385e-01 3.826435451278920735e-02 -1.863136490525906797e-01 9.313509826802893188e-02 -1.157212357339436060e-01 5.024750450449235600e-02 8.943085106502719761e-03 1.176248476379981450e-01 1.744372110643630652e-02 -2.181544078129526998e-01 -7.230179377240326943e-02 -3.538036114798030068e-02
1.041558114766934384e+00 -1.273455047104001259e-01 5.412623043426575964e-02 5.964381324504621634e-02 -2.929351726541573608e-02 1.161392827462635058e-01 -1.760576742326848410e-01 -3.921654368886888509e-02 9.790370986793922592e-02 2.261694630805922424e-01 -9.681162363650035185e-02 1.514949828882442562e-01 -2.208534544142230424e-02 -6.992231279864626059e-02 2.776091964661547840e-01 1.280644341886325033e-01
6.977676168366162557e-01 -3.448192177095745284e-03 -2.411377381838545123e-02 3.050361428854530543e-01 -1.452112655343517841e-02 5.036507366270315256e-02 6.435192472390442731e-02 -1.730649940926732577e-01 2.580530463713714973e-01 -5.915054376186779095e-02 -2.271717613240702843e-02 1.472150700024514036e-01 -8.924903260340015521e-02 8.341273175423137565e-02 5.976476330982020135e-01 5.106500748255547728e-02
3.713604910991546437e-01 1.894883205917750717e-03 -8.531772924400801705e-02 2.375934551250712679e-01 -1.968969605328791672e-01 -3.273718722021392441e-02 1.713221661798512707e-01 -2.054839112737399942e-01 1.941594082787219122e-01 -6.082250718891314412e-01 4.113625837278432618e-02 9.756130919469514773e-02 -7.949150570925057890e-02 5.304275218552557958e-02 5.829959788079518423e-01 3.511525533679223793e-03
1.724698358441618118e-01 -1.693196158655995917e-02 -1.709665241124125878e-01 7.256091761637114591e-03 -1.027133371781271259e-01 -1.060810642315939550e-01 1.505242426759556898e-02 -2.067418093074085278e-02 7.784462769267831705e-02 -1.074493683053959758e+00 -2.193896214120016181e-04 8.295802452984103736e-02 2.559492827231115222e-03 -8.662673803854033239e-02 2.052207074879905668e-01 6.173955423861368381e-04
5.548049683084393946e-05 -3.235160519216052216e-02 -6.507509719217977051e-02 -7.700490570387570621e-02 3.181241501707480768e-01 -6.784221590774116260e-03 -1.692152754196595277e-01 -4.745351602773109287e-03 4.038725819800659950e-02 -9.278208448784529550e-01 -1.694468163203000921e-01 1.230993926570565430e-02 -1.999485933657530953e-02 -2.707882544900676036e-01 -5.080492021175848222e-02 6.239318019764260315e-02
-7.729042095480484487e-02 6.708040349902665012e-02 1.733462517888088028e-01 5.035933251481896494e-02 6.853497617891606275e-01 1.828709519431474528e-01 -1.336794681951825881e-01 -8.291597226070869520e-02 8.510634769874657335e-02 -4.190737522383005120e-01 -1.568072208134144163e-01 -4.722924706759976110e-02 -7.947643596965061480e-03 -2.358255848050940517e-01 -2.428137265210973325e-02 1.049273112765252286e-01
-8.447828433377474466e-02 1.993057837069790728e-01 5.521297124033092141e-01 1.513551376594462761e-01 7.708456975879074413e-01 2.076291542458178485e-01 -1.237183845849996371e-03 -1.168050073969714442e-01 1.083375061509916082e-01 -1.053557782606330817e-01 7.120173601214331398e-03 3.202783179936802976e-02 -4.481645520523130921e-02 -1.398495255937094728e-01 7.550723514473525744e-02 1.865942070565387856e-02
7.704571212041221029e-02 2.047288622769631583e-01 7.822266145748745236e-01 -2.069247774058269665e-02 3.013571004806445131e-01 1.463793852807637186e-01 1.460792158712647948e-01 -5.820125589897003071e-02 -6.715262520232116727e-02 -1.038502447657192601e-01 1.322411492363418650e-01 1.394945935870234854e-01 -2.738699804657051054e-02 -7.574322384336586167e-02 2.251417959210174138e-02 -5.727563293204881306e-02
2.823097767408309089e-01 -1.330077854280450333e-01 7.430259207507775576e-01 -6.185428234571181683e-02 -2.623528411941480343e-01 -2.286803178996451025e-01 6.547851037056447165e-02 9.070486989015533186e-02 8.230764216395003441e-02 -5.249469985940478228e-02 8.770151950534796348e-02 5.602392478798522146e-02 2.023280967471685898e-01 -2.790791118180108721e-01 -4.573665296856494616e-02 -3.293117017820101911e-02
5.476595379633927285e-01 -9.809511219371619406e-02 2.926866502530544034e-01 9.670316224238437175e-02 -1.579604731145317631e-01 -2.367440623042161296e-01 9.134281731803582313e-03 1.541187718033048548e-01 1.446573171933217550e-01 7.724928961218927026e-02 3.291742921213139383e-02 1.204711551256174573e-01 1.900577556071237073e-01 -4.771554432040151505e-01 -8.172519289690931277e-02 -1.689648619149201935e-03
6.818995772287586021e-01 -8.052240686224684807e-02 5.633962665357052091e-02 4.729301886839448743e-01 -3.874165943382159444e-02 -2.771827193509022666e-02 4.655110188373554059e-02 4.165414444591062498e-02 2.458453918382388081e-01 2.381699565548654474e-01 -5.276372198112585371e-02 1.520102231811098700e-02 1.096861620516334651e-01 -4.555818670436350692e-01 8.841951496940496369e-02 2.701599682566422841e-02
3.950674933359514251e-01 -1.599270841601755852e-02 -8.908547189308716006e-04 7.376965936924357869e-01 -2.472142706982415408e-02 1.562652478937713030e-01 1.335296150155583506e-01 -8.129948217003914179e-02 2.067360192720792411e-01 -3.757211637374306690e-02 -1.909066797129573348e-02 2.956371028811913271e-02 -3.108957649927145475e-02 -2.158578339247675670e-01 1.726588794537094740e-01 8.566605892436392200e-02
1.798950874870702821e-01 8.465737220405308849e-02 -4.136663745604446385e-02 5.376661984591730725e-01 -2.244179874035710509e-01 4.215684014344212027e-02 2.513559921043246326e-01 -1.478870272093896210e-01 1.301956683317484487e-01 -5.103384210129453535e-01 -4.728203275851091542e-02 1.072880321151389732e-01 4.424826207192038285e-02 -6.037674183690678459e-02 1.860264667501717872e-01 4.305218257210841060e-02
8.251485502914407411e-02 9.205058373952278161e-02 -1.360082116825859500e-01 1.653252919095810347e-01 -2.929547742559077683e-01 -4.386092226403250083e-02 2.653884593720096663e-01 2.528612501612191414e-03 5.981126202998651720e-02 -8.386042490577074737e-01 -3.285286085245697763e-01 1.354173424546362414e-01 1.385459278232201719e-01 -1.012545411069438184e-01 9.163458878731282897e-02 8.390020319932542034e-03
6.578009720765359836e-02 6.910026689740328409e-02 -2.443720120983100194e-02 -9.887295723436728689e-02 -4.034719841152513940e-03 2.827672242808405845e-02 5.358746468458926854e-02 8.328597122824096810e-02 1.661210065293793753e-02 -6.840236099082227517e-01 -6.002640259838363246e-01 1.862825343674740647e-02 1.123509212187595030e-01 -1.954675875093939974e-01 -5.433548756221828757e-02 -1.359436889845891915e-02
-2.633103953913876888e-02 2.083431332043924819e-02 2.976923456872328511e-01 5.074237538898340553e-03 2.770513681468504963e-01 1.746413179250176362e-01 -1.004369031598203038e-01 -1.335540373920204339e-02 1.430491509499989267e-01 -2.883252555335618084e-01 -5.340907348371967123e-01 -1.169655227477754827e-01 -4.784989389707681312e-02 -1.458945035449950856e-01 -7.016521321870451688e-02 1.161892123743484551e-01
-1.293334572186975451e-01 3.858892814003788557e-02 8.474714401729677160e-01 7.557957691989029836e-02 2.684281682389282331e-01 2.851071600239720727e-01 -1.831104794781673317e-01 -2.839720432775801398e-02 8.228408646710375085e-02 -9.179756962382999708e-02 -2.760086270703296374e-01 -8.886869124596129266e-02 -2.124131067168602838e-01 -5.580008014577930026e-02 -3.133569220538118261e-02 1.436110677865212182e-01
-4.253712683706870057e-02 -5.282603505280978468e-02 1.065560310714130043e+00 2.306951000333526750e-02 -6.718012504309596455e-02 2.407646370848261219e-02 6.960080652278910485e-02 -8.823414473799710833e-02 1.160112572048163301e-02 -1.505380839682113336e-02 -4.849696704389854299e-03 3.999259162023204722e-02 -3.544592354777103410e-02 -7.969808161193703278e-02 -3.393983915769040877e-02 7.528251139976108175e-02
-4.331685436762594543e-02 -7.891230929697745644e-02 5.808821931211102241e-01 -7.433262736491000333e-02 -2.215992189101898546e-01 -6.768038284974817742e-01 2.258654950998069746e-02 2.035426214562694250e-02 7.025909554354170528e-02 5.637741212560148235e-02 -5.928740000907485076e-03 4.328544215032300441e-02 1.815320329562282176e-01 -3.004327685264603365e-01 8.607657451805929283e-02 -8.326153803957667132e-02
1.575622547705616272e-01 -1.840880553177085682e-02 9.694523364918346264e-02 2.368346471623221927e-01 -4.208818787004336287e-02 -7.136869038632734918e-01 9.488937013224697792e-02 1.214256156459466579e-01 9.768123811494085207e-02 1.017443560811751579e-01 2.867533203451763310e-02 6.904029722982496509e-02 2.953643456065782047e-01 -5.844071415708830264e-01 -1.829849093112920211e-02 -7.993737117511359735e-02
1.567529060569864963e-01 -5.517019302811612680e-02 -1.270833141054336091e-01 7.513576550718709113e-01 6.403144476818353747e-02 -3.703097643297202368e-01 4.464577875041317138e-03 6.757179563657542132e-02 5.717069192762330720e-02 1.751920894244392013e-01 1.307660804283314500e-02 -3.363959896917772391e-03 1.611484896179991577e-01 -5.892684300005874842e-01 -8.061375069441711894e-02 8.021605438362310048e-02
-2.555052393561349239e-03 -4.439228957459828706e-02 -4.357814657781129697e-02 1.115000181744019381e+00 -5.014225605808406844e-02 3.435785507446591225e-02 1.601171284721513710e-01 2.644430468534401252e-02 3.220413953876041097e-02 1.338954972651895496e-02 -4.170805217829645639e-02 -1.020582687073176981e-01 -6.297691179022278651e-02 -2.670429474428505090e-01 -5.043662778386543560e-02 1.088771853451443589e-01
1.518957970625104195e-02 1.008330807975793726e-02 -3.565481286023754193e-02 7.313353749339291943e-01 -1.720262175532352167e-01 2.852856088774475066e-02 2.823343255806664009e-01 -9.522956104034233094e-02 -7.556140250590440144e-02 -1.778335266577875107e-01 -2.641590560747803518e-01 1.166173831260337163e-01 5.115434463578463070e-02 1.057812355861252607e-01 4.745903680825262760e-02 4.275673319000285731e-04
9.041346860467876223e-03 6.265416199983865619e-02 -9.828867625791261331e-02 3.342675334483680705e-01 -2.368191791947745206e-01 -2.405537065008031203e-02 2.597798799479311138e-01 -5.157337413337438614e-02 -1.097674146044998328e-01 -3.414738250196465708e-01 -6.523018242986953208e-01 2.483386390616893202e-01 1.767476139324483386e-01 9.872804460989874353e-02 -4.952973455524926211e-02 -7.395292987555592001e-02
4.866652598207922564e-02 1.468981323344149825e-02 -7.648868174035340639e-02 -4.043342209452904096e-02 -8.013543462004529827e-02 -6.502605615124221194e-02 3.865549642085963633e-02 8.541437954044690806e-02 -6.266546770676453826e-02 -1.902422476900883508e-01 -1.074634233300976405e+00 1.360715396338672278e-01 1.605614215015199464e-01 2.704901923754655935e-02 -6.702145613286408787e-02 -3.659964629183781043e-02
6.472856368585999665e-02 -4.288004077962428995e-02 1.922523901178991856e-01 -9.581380518781018596e-02 1.133720005279233445e-01 7.239133334471707648e-02 -1.357694250617016429e-01 5.383378448162386837e-02 5.397531816691267248e-02 3.973632716094663286e-02 -9.357359029086209645e-01 -5.961822537512018877e-02 -1.704117948600460675e-01 -9.320058144038982639e-02 -1.024195595264440067e-01 2.613973328592920226e-02
-1.143031189717529511e-01 -5.343674228268595339e-02 6.265364409758896747e-01 3.667045848932184993e-02 -1.664989054479961567e-02 -3.625593553160651877e-02 -2.028734066199739949e-01 -5.827754645675214257e-02 -1.215827121875026964e-02 4.075359439510977538e-02 -5.762776885968355911e-01 -1.746568749975914991e-01 -4.010204118396184514e-01 -4.925979989276786652e-02 -6.813659731041946110e-02 1.727892336192668465e-02
-1.341408993788764381e-01 -1.154112039638380827e-01 7.512110128792449659e-01 8.440936396786779443e-04 -2.079729526640260728e-01 -3.326670450296397852e-01 -2.648433976627121225e-02 1.541075394719111993e-02 -4.052571557281690884e-03 9.466987694479114465e-03 -1.949263943763262230e-01 -8.381511960521723092e-02 -1.902299211040251459e-01 -2.669146924835211210e-02 7.014313014967711590e-02 1.077620719024262839e-02
-9.329618122819730019e-02 -1.816372175707502146e-02 2.158798676031953856e-01 -1.727282901790711256e-01 -1.288580004115258970e-01 -1.031034418251624452e+00 6.415845941831736787e-02 4.107189025051543457e-02 6.767218778348369455e-03 3.201226486299822704e-02 -2.987563632289286231e-02 2.327269713471043916e-02 -3.205567084333871969e-02 -9.184105243251063089e-02 2.033267055094114262e-01 -2.206777540690697120e-03
-4.137041976199983678e-02 -1.329224227609235032e-01 -8.578741751126370274e-02 9.550924269606285433e-02 8.996778410767940215e-02 -9.840441298607067733e-01 -2.712353412903454122e-02 5.429478642667998761e-02 4.738296005062112536e-03 1.075277970895104351e-01 5.831429673351822603e-04 2.472807703301214272e-02 2.074992976881957774e-01 -1.912123153131477793e-01 3.221161476749791891e-02 1.609442128812980377e-01
5.737938614379953922e-02 -8.793075206402618804e-02 -1.153553994797652249e-01 6.508566033625440284e-01 2.062778134175605738e-01 -5.256270044019369925e-01 -1.006708516949881005e-01 1.422022720337431934e-01 -1.986606143940384400e-02 1.473517589113913506e-01 6.885525993297770403e-03 -2.986248552776268883e-02 7.405939877194178678e-02 -1.469559725815453577e-01 -1.559952744485615661e-01 2.058151475310640299e-01
-2.581326313487505852e-02 -1.503201275937101622e-01 1.445491101348723604e-03 9.214142795198082547e-01 8.162992210688056749e-02 -9.819407893403792054e-02 -4.555107963482771943e-02 1.906548004463609891e-01 -1.604843237481812512e-01 6.214283047131988896e-02 -3.858748830841927935e-02 -7.125414560447324019e-02 -6.199947491228498947e-02 1.972663958510063043e-01 -1.666423384959015430e-01 1.745297684717655451e-01
-1.134904287850838911e-01 -4.938623570815294656e-02 1.659382117881175733e-01 6.824370280637717112e-01 1.774621615431249896e-02 -4.806709326405383259e-02 1.138422908175709264e-01 1.101414989325721905e-01 -2.259514788488634351e-01 -8.539238582796304655e-02 -1.685988535005931988e-01 2.603123421942039606e-01 4.972372014506862802e-03 5.038335733520276083e-01 -1.281033255879121535e-01 -3.792474250815000558e-02
-9.168593541468675334e-02 -3.438840568580121826e-02 1.170615546002067194e-02 3.504254189141220999e-01 -2.510210529903701346e-02 -8.608578730728060069e-02 1.265381240609917690e-01 -8.750419943518070176e-02 -1.936400907753269562e-01 -3.609411638645763226e-02 -5.082220085715186686e-01 5.120090843364379918e-01 1.097870696372406224e-01 3.842045478992406338e-01 1.167574803248645548e-03 -5.181802109766595055e-02
-3.048880107647180052e-02 8.670103063530965048e-02 -1.214460579905761867e-01 -3.507321618149848025e-02 1.088168494861387892e-01 -7.828038329751926816e-02 1.584286336800160358e-02 -1.368571351856083251e-01 -1.267672858573127836e-01 1.603070889360900253e-01 -8.963696340583103828e-01 6.072939735539417683e-01 8.325541475338410491e-02 1.483235481989734483e-01 5.507587641307201687e-02 -7.098545105273151856e-02
-3.109204128914077464e-02 7.353006094403212456e-02 -2.134100678838150855e-02 -8.044245679294194373e-02 9.583103277695027844e-02 -9.341568189005222678e-02 -1.232136841760434753e-01 -1.812309755831020136e-02 -6.251439214052971483e-02 2.075788479818132526e-01 -7.375320302670230754e-01 2.808013541205020003e-01 -3.485870686249539774e-01 -1.284284715473074656e-01 3.443999204657656465e-02 -3.444537285870385296e-02
-1.252533528002237051e-01 2.167659841834416318e-02 1.825495266367204716e-01 1.858563058062946693e-02 -4.215022496587915446e-02 -1.846872409068497922e-01 -1.896465736361745424e-01 -1.667075738319996614e-02 -1.068949047048170925e-01 1.459381293856382676e-02 -4.719491262567264145e-01 -1.339109533706665522e-01 -7.084752046819170479e-01 -1.170722000784664846e-01 -3.528477985354745022e-02 -6.458041135224318330e-02
-1.394466311320407548e-01 4.664420839225380533e-02 3.250569879002693785e-01 -6.217592794120109512e-02 -1.561410768607979227e-01 -5.545124995835640780e-01 -4.559752859174937001e-02 8.651038636558502914e-02 -2.724040799362874646e-02 -4.391000763899913922e-02 -1.626891410557410045e-01 -1.642326231250613444e-01 -5.392533226027036442e-01 -1.240494914430755047e-02 1.157245615285735080e-01 -1.170867647605936257e-01
-1.004516203124891788e-01 2.739657736176149758e-02 -3.354997032244111214e-03 -1.562433487981829405e-01 4.732202000918202950e-02 -7.359562967496824371e-01 6.891109938236239518e-02 -4.633859405196704556e-02 4.030322682402037726e-02 3.342278408374164261e-02 1.424593902715061249e-02 -2.641011317308992329e-02 -2.828305969846951484e-01 1.798235182398387130e-02 1.728583927198160952e-01 3.073527517602579473e-01
-3.559225403394066477e-03 -1.054343503168419932e-01 -8.528512449532932305e-02 -4.396962852933594679e-02 1.422124117338697535e-01 -7.330663607774040580e-01 -9.250674825386213940e-02 -3.425737125309202130e-02 -3.366574089375205109e-02 5.520252238240526410e-02 6.256425568204146415e-02 7.830906406157749078e-02 3.126604344069299629e-02 8.121098563841164242e-02 2.488783824780788426e-02 6.505955760075948779e-01
1.472087283420603354e-01 -4.619570412004504051e-02 -9.618280691971477225e-02 2.256200759003106071e-01 2.036085560447679077e-01 -4.265282234318434895e-01 -1.933323489330532330e-01 2.851706253809550562e-01 -3.911719911748576251e-02 1.652010934406420231e-02 2.976919356548674012e-02 -3.403833308114554562e-02 -3.336521958747656197e-02 2.056741300482045065e-01 -1.757252609664682053e-01 5.245795511285756829e-01
1.984916348186057389e-01 -1.904101040305964526e-02 4.023561196120434280e-02 4.586001162681340726e-01 2.401012884560047023e-01 -1.956587496374372903e-01 -1.353371291882343730e-01 5.323969655885552044e-01 -1.229012753411379832e-01 -5.099033672455183241e-02 5.537533645036087776e-02 2.902169041133522212e-02 -1.717016514784988346e-01 5.621633670792645088e-01 -2.981297820796641185e-01 2.715252396337207719e-01
5.336985651160384286e-02 2.561229692695507834e-02 2.410409862409335913e-01 4.180357409843735716e-01 1.396981315557137560e-01 -5.718849177267668754e-02 3.047654231237428152e-02 4.017388978449427661e-01 -1.349855293785780230e-01 -8.611792984427249498e-02 9.339134966268698712e-02 4.554569066144524281e-01 -1.326299771040372055e-01 7.254296840407314928e-01 -1.507997661031592884e-01 -1.537637217591143139e-03
-8.359393826492256263e-02 -1.103186493927303842e-02 8.191393179728724550e-02 1.947497850509359862e-01 1.979903228711710483e-01 -1.175998142493988458e-01 4.085404456647611163e-03 -7.032227004921066428e-03 -1.855193134958927348e-01 -1.078531019303454255e-02 3.923610265594060925e-02 9.400281390349545241e-01 -1.335714444938402440e-02 4.443899183750178450e-01 5.523176346559661998e-02 -8.886753981042051775e-02
-5.451154548752803336e-02 1.057541302487115531e-01 -1.727918551323240903e-01 -6.026380094091460943e-02 2.212251276781305454e-01 -8.627737428538655162e-02 -9.148490541887678573e-02 -1.198414797735479764e-01 -1.626716026708014684e-01 1.642321738112913487e-01 -2.611256198140872176e-01 9.782282394538596160e-01 -1.622128342385057709e-01 -5.464881276381026998e-02 8.385860116530503838e-02 -9.033028213660518335e-02
-1.738562896757660237e-02 1.026861108457229749e-01 -2.087235960263748857e-01 -4.415653897386291604e-02 1.600180545476004024e-01 -3.455957958782911871e-02 -1.145202451736188759e-01 -2.323078602363532960e-02 -3.093763961844999896e-02 1.617728690200947450e-01 -2.757278245969087549e-01 5.360761668604743235e-01 -6.235509038430685491e-01 -3.363117588753902210e-01 3.295947469129220653e-02 -9.302649018117975510e-02
-7.713429262044158019e-02 1.036070337382789114e-01 -7.407713978568580826e-02 4.665297791882464656e-02 -2.962408674521526883e-02 -1.261325299765922725e-01 -6.367137106085719866e-02 3.285454809982358421e-02 -6.278768370266896159e-02 -4.673463398714972766e-02 -8.111083940347590948e-02 -1.246037160604956430e-02 -1.044496141625310681e+00 -3.134574798449182298e-01 -2.457421805917019315e-03 -1.011862202374533004e-01
-9.670176680205691544e-02 6.834044947078482535e-02 -2.063887525522577898e-02 -2.927723906700033588e-02 -6.839505804239294495e-02 -3.994590729538340379e-01 4.599375149899762732e-02 5.431015432314922203e-02 -5.198721096126791841e-02 -4.485383543931619615e-02 3.061448634867488389e-02 -2.077168323132694006e-01 -8.513447731618231096e-01 -5.005188893442043957e-02 1.047157591445250918e-01 8.257875346963973462e-02
-7.151851578303131118e-02 5.208606807896153101e-02 3.536052628427319156e-02 -1.418835381518042393e-01 -7.082565932148194437e-03 -2.000209331903124998e-01 2.542428004311995671e-01 -1.800683368609537205e-01 -3.543885106622964021e-02 5.170917775919491727e-02 1.346006814848303701e-02 4.319465536677665612e-02 -2.441044063477876558e-01 6.238883843179623273e-02 1.639924768727379634e-01 7.168603734311649323e-01
4.722951051906760372e-02 2.506391199176628490e-02 2.729218977314024075e-02 -1.289448051892746749e-01 9.047909409112099566e-02 -2.075940484636114025e-01 -5.053860719835471388e-02 -2.232763138521801777e-02 -5.814794676194486728e-02 -3.140818300069694435e-03 4.055615312022211455e-02 1.750371508853683644e-01 4.405115910650992533e-02 4.156754004214777143e-02 -7.636016275647815365e-04 1.028913249751034042e+00
1.386302212442209747e-01 6.879510296408095082e-02 -5.146234848719511562e-02 -9.542360415249376282e-02 1.613302121414193491e-01 -1.152850599918744529e-01 -1.331712164254257036e-01 5.124692760296597482e-01 -1.689918184390028569e-02 -6.545649314425057430e-02 -6.840591880134734570e-02 1.853387282186028454e-02 5.503115727802446178e-02 1.107470434153340066e-01 -1.473022168544532995e-01 7.358019870444669763e-01
1.903951127579662228e-01 1.377786572021589551e-01 -2.813217201641345783e-02 1.064216050287839291e-02 1.788342861651750770e-01 -1.477868538953064706e-02 -8.178346232806135707e-02 1.014039611578129163e+00 2.302809841794032503e-02 -1.584710173557249968e-01 -1.977137930473611346e-02 1.806414516659702804e-02 -1.376646339210465808e-01 2.772437724201246012e-01 -1.721820647653158065e-01 2.824613494746678333e-01
3.913859855650795444e-02 2.327936462017204597e-02 1.309566771858671208e-01 3.594733110732039466e-02 4.540316964746610173e-02 -6.623097076076921164e-02 1.059034399098471024e-01 8.529963250635723693e-01 4.084481057788141856e-02 -1.830930321582170950e-01 1.547684159947137483e-01 3.775087066308200900e-01 -1.007582507565954605e-01 4.094534882337684256e-01 -2.484610346953980420e-02 -9.680497830521556102e-02
-1.600659648006197144e-01 -1.313345735067106279e-01 1.086872174303307459e-01 -6.685012047164641709e-03 6.810259926574407929e-02 1.959118945756798975e-03 6.016427526228826372e-02 3.521161949093888355e-01 -1.011714538949708142e-02 -1.134550929757498355e-01 2.501276231033610076e-01 8.122110862087699168e-01 -3.979606404758355420e-02 7.082784582763192172e-02 7.149973502035479600e-02 -9.389937771858271331e-02
-1.352856999322985809e-01 -1.506015723545801321e-01 -9.276262779045076068e-02 -5.299033315005334532e-02 5.161734449316912610e-02 7.895330953365221893e-02 5.208143562135113562e-04 3.482965987157948806e-02 -4.841216385689833812e-02 1.132462300824136764e-01 1.037694141679776916e-01 9.472709931552527607e-01 -2.145579138794552199e-01 -3.103466444494306642e-01 5.460852580490026253e-03 -4.083072667991197863e-02
1.111413741629513514e-02 -1.377369852045948195e-01 -1.676044829663328461e-01 -1.037649075658423209e-01 2.259905593945973207e-02 1.137483060413781999e-01 8.979357869299209316e-02 -2.208982305548779987e-02 7.027532405869139909e-02 4.404715990090979361e-02 1.273728961415931116e-01 6.418981244477386383e-01 -5.639401026446830834e-01 -4.660148805521446280e-01 -1.434572385390978436e-02 5.336825813064467044e-02
-1.448056445931729212e-02 -3.387527194299071610e-03 -1.575021492125713296e-01 -1.494210173952394832e-02 -4.197704929333259671e-02 6.167400248892219300e-02 2.572952640906114308e-01 5.291861032469091786e-02 1.033705616365181018e-01 -5.800077279298403686e-03 1.495553507517310143e-01 1.525199763583289791e-01 -8.258568516541956450e-01 -3.007193086183477804e-01 -3.787607247484471411e-03 1.672710399362880851e-01
-4.230241932531140364e-02 8.452915579936988444e-02 -1.973477222415314161e-02 2.686939302160525934e-03 -1.063991830214798540e-01 -4.439338200867283535e-02 3.436115864754293869e-01 -3.496091621914625830e-02 4.050051691244012375e-02 4.448287103985509860e-03 4.946300701741799394e-02 -7.976035591803520841e-02 -6.115675776873602532e-01 -6.044596541519141331e-02 1.192461527033100571e-01 3.438750310758988959e-01
-1.261377852208233619e-01 5.097501195100197224e-02 1.742376360392484669e-01 -1.093113873738113667e-01 -1.156512174305515395e-01 1.319940607565045776e-01 5.940573352550068131e-01 -1.956453443151129346e-01 -2.501194872796279056e-01 1.704107282871181531e-02 -2.885173561718434518e-02 2.065459914871138267e-02 -6.729096200852931198e-02 -7.749390144687728910e-03 7.152272127990903783e-02 7.376424505734329173e-01
-7.635629683011539715e-02 1.791279114931360605e-01 1.852658208947241883e-02 -1.548709381324056555e-01 3.880354093449558950e-02 1.488040229219158295e-01 2.411140570006203299e-01 -8.960958851108302703e-02 -2.877889255028769355e-01 7.915206619532873938e-03 3.734613896832053408e-03 1.369658199739506865e-01 1.773408490234809065e-01 -2.230951439677520409e-01 1.133392771227369478e-01 8.995689715850718748e-01
5.261065086477001440e-02 1.677634882397839033e-01 -7.740351263888113620e-02 -1.168108471375901569e-01 9.671892290264083591e-02 1.987183934095199389e-01 4.882958477148911097e-02 4.544998533183946532e-01 -2.308595480355136731e-01 -2.519238333918431480e-02 -9.166457137456981985e-02 -1.569324266598840986e-02 1.683756948149821575e-01 -2.034242755531200930e-01 8.194437986477116909e-02 6.249380686058380041e-01
5.159104556588891416e-02 1.781505405667770381e-01 -3.094330817174209200e-02 -1.253886954735287107e-01 1.042220432462091922e-01 1.620902393390101504e-01 6.436411531501506911e-02 9.715966358973917583e-01 1.157027103467121905e-02 3.678333205794093175e-02 -1.489983881578311742e-01 -1.156485668060876076e-01 6.200370128246227019e-02 -9.445979186039928088e-02 1.872093149831308423e-01 2.087399843503826846e-01
-1.292189081423864572e-01 -8.203554847831431851e-02 9.069359659427038423e-02 -4.821744137718769752e-02 -7.367288427598163436e-02 1.471942050760629006e-01 1.615916594137032369e-01 9.074843635584176615e-01 5.326188803204909977e-02 -8.178472182898272047e-02 3.347585225193598635e-02 1.176389037336549453e-01 2.505621289409356786e-02 -2.244158018653522740e-02 2.230555023544983362e-01 -1.464976056379004854e-01
-2.610947711183523867e-01 -4.479181316370172694e-01 1.370467775273460920e-01 2.540553215283288327e-02 -8.313647729009268628e-02 1.435517563142068020e-01 1.507492135558465285e-01 3.998900246829885097e-01 -4.603942298162872621e-03 -2.184090291829744387e-02 7.712591515713003443e-02 3.864847414538878922e-01 2.121253569907624592e-03 -1.505521123661721639e-01 9.528848853133986552e-02 -7.165946739160786172e-02
-1.185201763623309063e-01 -6.493456409689140063e-01 4.173198117891724346e-02 -5.609699928079570075e-02 -2.546764548063257944e-02 1.938530425347899100e-01 6.024593099188048362e-02 1.420617097805400297e-01 6.848971627738007981e-03 3.720173379616296266e-02 6.596824584917194978e-02 4.854355475467141412e-01 -6.685359050454510454e-02 -2.414557176769665803e-01 -1.445702171480951204e-01 3.632199230740874862e-02
8.309171206947588151e-02 -5.288019953339317958e-01 -1.127262087837584553e-01 -1.444009007554462043e-01 4.343997117086974974e-02 1.432517117703535903e-01 3.367011088997621249e-01 2.960771470411431919e-02 1.453006449356845087e-01 5.571043665871023426e-02 4.420227685155486697e-02 3.477552224720451557e-01 -2.965458147566638059e-01 -2.184445910664007118e-01 -1.016297495409634877e-01 2.665233793991507796e-02
1.450918818308051250e-01 -3.280956053268238581e-01 -6.228179340971073952e-02 -1.150239323535271890e-01 -9.345350172544154843e-03 1.489498262820880825e-01 6.042407602061364846e-01 2.823059850422630912e-03 2.295361351924039284e-01 1.050087781089873301e-01 -1.910745027613532446e-02 4.287296867461717204e-02 -4.355649734265293893e-01 -8.894258135843817470e-02 -3.020493841819272759e-02 1.214332178543854890e-01
1.736209462696729211e-02 -5.092388499541474628e-02 5.154935138928677663e-02 -9.065054589446200350e-02 -1.059418099478384723e-01 4.957895851390490410e-02 7.750534216725782910e-01 -1.398418616003500592e-01 1.531046393151896078e-02 3.986482144166814123e-02 -2.800947726498440038e-02 -7.889493624149022943e-02 -3.100954890601059222e-01 9.322689715418350231e-02 9.089064183860827428e-02 3.781115641561764718e-01
-2.877668810636474853e-02 5.388125108546826247e-02 6.989118911959008029e-02 -1.081517884844648419e-01 -7.605200709770873480e-02 3.236313574420190964e-02 5.872838244668818763e-01 -1.256572185768156935e-01 -5.509597620711639276e-01 -7.006738019630567860e-02 -2.303612514942205564e-02 -7.795260217873964392e-02 -9.708814457034453324e-03 -3.752236725442686938e-02 -1.113004681761942394e-01 2.331286601893066968e-01
-9.053678041947263444e-02 1.561915567605763888e-01 -4.088584945705658197e-02 1.503971152596322684e-02 -2.441275344883693868e-02 1.587195883995110579e-01 2.200839962930998817e-01 -6.730825819666066967e-02 -7.482172699431345331e-01 -3.903510514391515113e-02 5.910477616092962155e-02 -8.411507503405978720e-03 1.085283621821779565e-01 -2.622692552167618096e-01 6.548067307305996919e-03 3.376152077262766227e-01
-7.522407754339892338e-02 1.171844483310203050e-01 -6.032030096863106455e-02 -2.026276826761596803e-02 8.180502000032377485e-02 1.859262665480320154e-01 1.078974346271768109e-02 3.190425954475287762e-01 -5.426584202208388774e-01 1.364874703401107447e-01 -9.930005180037830559e-02 -1.158318398676472100e-01 1.227228493630796169e-01 -3.456948040622540019e-01 2.856451253942191570e-01 2.679115707069607555e-01
-1.598887996072624607e-01 7.801193238151515885e-02 -3.828741141080303084e-02 1.680927241826038476e-02 1.312437155973783798e-01 1.877267914163361084e-01 3.433461565755334399e-02 6.373238482934721061e-01 -2.008886762892866384e-01 2.341334799340565875e-01 -1.373684753757234422e-01 -9.775416552222221389e-02 1.402616177300608225e-01 -2.842294334800072875e-01 6.576275051224695911e-01 4.005044612588928160e-02
-3.137789632345533430e-01 -2.482726243272935784e-01 5.852457405380914052e-02 -1.077570286354048897e-02 -3.936817047606137182e-02 1.443813923048720138e-01 1.235165872212207749e-01 6.109358355310863242e-01 -1.222558110610647703e-01 5.937349261318013854e-02 -4.161467919043247699e-02 -1.038055484289495886e-02 1.029900670510843497e-01 -1.547416485406993281e-01 6.653446038161926479e-01 -1.033270162225373989e-01
-3.122991240181414718e-01 -6.765117674741164544e-01 1.028998488462682381e-01 6.477206692510942276e-02 -6.911311714348994384e-02 8.876158181385468415e-02 1.288017310191668097e-01 2.846501843650158237e-01 -1.302028491757776796e-01 -4.252642052436708675e-02 1.396351572154167029e-03 6.290586623406471678e-02 6.661592529156057374e-02 -1.427392603101730606e-01 2.506333980130601713e-01 -6.593746359218619069e-02
-4.679579738633734415e-02 -1.038084071053342106e+00 2.607074671638746899e-02 -7.542059317197817581e-02 6.456884079849287139e-02 6.768460761862317432e-02 -9.058206557664027006e-03 1.004320000066039331e-01 -1.271498923745416620e-01 -1.927731373430007986e-02 -4.624172167705174058e-02 9.768639710104870533e-02 -1.978189081474188149e-02 -1.191631950873313639e-01 -1.916399694690593958e-01 5.225140094344409014e-02
2.120466743756569961e-01 -8.664348781215215345e-01 -7.676451512624567208e-02 -1.699621438832118747e-01 1.747807610606612050e-01 2.473611201278498942e-02 3.163092562438971078e-01 2.148213498742293157e-02 1.189109166020278774e-01 8.841076450269508280e-02 -9.488836587524254740e-02 -5.094656407333603143e-02 -1.052583811484298082e-01 6.248403641491282606e-02 -2.355061860387660799e-01 3.206006933768040107e-02
2.552939385003692441e-01 -4.025697472624635842e-01 -1.278461021069184356e-01 -1.816039118523903872e-01 2.074742342089594682e-01 -4.201125788733317545e-02 7.175297330969541143e-01 -3.724579014050907896e-05 1.361508140833309899e-01 1.998281417707200858e-01 -1.448606261227287917e-01 -1.357040678986059234e-01 -1.713579244190142070e-01 9.232294492128859109e-02 -4.789554804555089251e-02 -4.740661147680611670e-02
9.490827920426875286e-02 -6.949145728463719529e-02 -1.885227270293514954e-03 -9.278905748785866436e-02 5.901235389945352384e-03 -5.231441094390815866e-02 8.804390747109928084e-01 -1.774488734049488314e-02 -1.431996624145418229e-01 8.036148333000017741e-02 -6.249039884020841928e-02 -1.495012797354314804e-01 -3.033190249709313835e-02 5.446504978338406744e-02 -7.081836477306469035e-02 2.896854347126628926e-02
1.638531038821099406e-01 7.499013673084971299e-02 -3.412292953997481115e-02 -1.032979683445937186e-01 1.016406987214038826e-01 -1.176339218133660297e-01 4.184738348705651645e-01 -6.015418294126180683e-03 -7.850462769678280273e-01 -1.341433641524344134e-01 3.050357906821573109e-02 -5.064912964652607680e-02 1.625221124575678550e-02 -1.039994595273758260e-01 -2.317768028773192213e-01 -1.931594345395344081e-01
1.233341937892341866e-01 -6.086989050293078844e-03 -3.470344255947003381e-02 1.006968409780684137e-02 -5.066905254712732870e-02 3.175328398412215810e-03 -1.719437032119568382e-03 -2.311181156670452045e-03 -1.055566595053114343e+00 -1.008475532490937104e-02 3.473383798153768104e-02 -9.540398472584117606e-02 -8.745160262358346939e-03 -1.222604010224749294e-01 -7.648480782872507655e-02 -9.275215173744791319e-02
1.209878218010997375e-01 -5.132098660634430015e-02 -8.512099890923417733e-02 6.573162375714702854e-02 1.021430840800716111e-01 1.007024952495189085e-01 -1.979736111613285554e-01 7.972185791218741255e-03 -8.239416185947781024e-01 1.849385489794050097e-01 -4.822222044271277236e-02 -1.110913226529087611e-01 -4.017328543375584676e-02 -1.025394255132793947e-01 3.801151357823856491e-01 4.899790266495502450e-02
5.421886144648577210e-02 -8.493500681651522388e-02 -1.115285001033438500e-02 6.597756628035524040e-02 1.370848862784981581e-01 6.527476988042829609e-02 -1.032976735181306283e-01 1.512574319694651725e-01 -3.513476648055797735e-01 2.526685667204789931e-01 -1.021064310583962298e-01 -1.401439127047238997e-01 -3.921928781917691058e-03 -1.479546835608635223e-02 8.967687775823560692e-01 2.966605797197272801e-03
-2.254023293055804067e-01 -2.767838703091116681e-01 3.991039115675475840e-02 5.659995289536794844e-02 1.560801839361629535e-02 -4.768352987030066085e-04 -3.025913096291116267e-02 1.249937089058087425e-01 -1.364091757562738982e-01 -8.963862148895859749e-02 5.092447218151322647e-02 -8.074847494548768878e-02 2.993627397322414299e-02 3.998255143357755392e-03 8.320425741611804371e-01 -4.067203990338727482e-02
-2.803211307820887566e-01 -7.149328745456082768e-01 5.372666130228660047e-02 8.463822818792576808e-02 5.745290960215822251e-02 1.181854414376738195e-02 -6.968855646676948290e-02 3.791461351553336578e-02 -1.862702546768099376e-01 -2.899628442894581770e-01 3.807371005374557069e-03 -1.106313650286740585e-01 5.249076221145406590e-02 -1.897494448636291575e-02 4.026281979086794860e-01 1.523746180730513496e-02
-9.351284333033382801e-02 -8.888685874184156788e-01 -3.485903572162557529e-02 -1.473590393990612153e-02 3.476322088077359873e-01 4.242493707332909564e-02 -1.548517648851361062e-01 -3.331244426580969031e-02 -1.473616577055627541e-01 -1.646079665994485686e-01 -9.139956643811573966e-02 -1.156984802825193198e-01 7.380303808190766257e-02 -8.321926551772622360e-02 -7.942606476229973050e-04 5.960726187983477614e-02
2.063215809345052831e-01 -6.103460219314202906e-01 -5.239144485786196431e-02 -1.242858524929792985e-01 5.930462897172519288e-01 -7.992895473865356537e-02 1.904179495032521097e-01 -8.078058561645927449e-02 5.138932013512553798e-02 -1.746464966473873157e-02 -9.750238368535260602e-02 -1.645718881498923480e-01 -4.903705564420431096e-02 1.259922032087072985e-01 -1.172010488408765927e-01 -2.385336073019272279e-02
2.530843631960149054e-01 -1.770318867554420139e-01 -1.239698465378653303e-01 -1.516703161717265214e-01 7.351854139058400239e-01 -1.941214077563402918e-01 5.979064000420867275e-01 3.100235939923178322e-02 3.819659738502503843e-02 1.042130299789338632e-01 -8.236738252642311631e-02 -1.571762322070345275e-01 1.065488049971585315e-03 6.145211907463980078e-02 -4.456163944836984830e-02 -2.614589463355028176e-01
2.039490080357246604e-01 1.075382553189831031e-01 -3.587836694583213665e-02 -1.603373301065972867e-01 4.257287360339350180e-01 -1.889275573515793727e-01 7.230904006625368252e-01 7.090012828126567024e-02 -2.523128408412699253e-01 6.657478751764720447e-03 -1.132458223113706752e-02 -1.694744238728464192e-01 2.737707843520232123e-02 2.519798645150731278e-02 -4.169468825018585179e-02 -3.389489252655411011e-01
