7.265231241997834044e-02
5.901446986435025799e-02
2.199522967399935094e-02
-8.841959682979020491e-03
-2.606245716862915993e-02
-5.390363248831338966e-02
-5.822693340463684641e-02
-1.594296635962313014e-03
3.567739143702498145e-03
-1.685663306396402786e-02
4.697476786765057005e-02
8.442490368232967446e-02
4.659987926373433675e-02
7.372425234289440004e-04
-7.434265759811693741e-02
-6.417519608295234324e-02
-2.192113669764189643e-02
-2.938804193556391470e-02
-5.998373947407347612e-02
5.733388972477536719e-03
6.444957387072403066e-02
8.326507598882110228e-02
2.287100190299750854e-02
1.787831473157291962e-02
-6.267171070558075208e-02
-6.965719322659168211e-02
-3.467235752043551934e-03
4.138687959056995547e-02
2.446638980496478044e-02
4.467573480332885649e-02
5.501159519053992752e-02
7.071469729479117061e-02
-2.589249240097458906e-03
1.359725589228441729e-02
-5.687627884355415725e-04
2.102701101751959858e-02
2.157687775651162369e-03
5.398012531372722855e-02
3.685391569479282842e-02
6.155440673538084551e-02
-1.436522723840371468e-02
-3.407454190986012460e-02
1.390138002776896732e-02
1.885016249428885654e-02
5.022695113099794745e-02
4.639116149035341780e-02
2.255359382641958232e-02
-1.637045708588048473e-02
1.509231874264757578e-02
6.272007849632112511e-04
-9.102594630689302135e-02
-7.745376300586277740e-02
1.413129759556215614e-02
1.026880497678334114e-01
1.163742153892668163e-01
-9.045763832224520268e-03
-1.591728194404063920e-02
-6.757188727337851142e-02
-3.445088558525653127e-02
-4.157690032871060731e-02
-2.764090406611147480e-02
-2.511132861209254205e-02
3.067638782445862231e-02
1.637251523806229903e-01
7.900324373413183943e-02
-5.627532390397572970e-02
-7.428994359523030666e-02
-6.639456897178354355e-02
-6.824221152525694611e-02
-1.361913906353243338e-02
4.868697462608169435e-02
-2.669296658010992043e-02
3.510400103871586658e-02
5.824275845479643526e-02
4.858639484218005983e-02
-1.829223630930517167e-02
-2.538170306358196373e-03
-3.122594538504995174e-02
-3.790293844987788208e-02
1.864286240518203686e-02
4.729461531785803668e-02
-1.649674405139520822e-02
-1.138829400750792364e-01
-3.125429156704374184e-02
-3.566135976714945865e-02
-7.096867011441403139e-02
-5.487873069918267066e-02
2.112733779279209190e-02
-3.358025136906710867e-02
5.045057364133685718e-02
7.882919133597157679e-02
-5.433439555215016301e-03
-9.296032353034670848e-02
-4.353451952070694353e-02
-6.813424862587874609e-02
-6.973422853028719837e-02
-5.186468962739215066e-02
3.484706186753371709e-02
9.751999893733829042e-03
1.263771427071651646e-02
