5.252178757957339655e-02
-5.843834891923129632e-02
-1.293236296663840580e-02
2.235044909941262814e-01
1.814780798638087334e-01
-3.137470415466100948e-01
-1.848489496914927088e-01
-2.231872082948647418e-01
7.333546276823403598e-02
-7.545222632167615517e-02
9.487532118614630527e-02
-2.959921611554218734e-01
-1.328145588455512949e-01
-1.440770821982646499e-01
7.267219555179964263e-02
2.263961445281498785e-01
-1.966886029193710139e-01
2.804044876693547184e-01
5.512008751129760659e-02
9.791435753518425850e-03
3.118032557152464190e-01
2.047430749481059797e-01
7.070601229878979710e-02
2.117941276825801578e-01
-2.735837672662976838e-01
