-3.991356634276689963e+00
1.650419857560739834e-01
-6.427383984275175655e-01
-3.647821975222266921e+00
-4.097231336903550680e-01
-6.707189077716700920e-01
2.744498113001721418e+00
3.404553737346485587e+00
-2.906539465146788626e+00
-4.380713827077258316e+00
-1.678027107048826183e+00
2.679068112348231612e+00
-5.624870271650087572e-01
-1.733354132965649663e+00
-1.690987831140008835e+00
-7.217620586471809041e+00
3.787618727993787182e+00
-1.362972503452778206e+00
3.425339950372276177e-02
3.868589975592144348e-01
-6.378453753416133409e-01
4.080831192523666218e+00
1.156972289833239076e+00
7.272809730750124935e-01
4.252470561341166189e+00
