-1.778564071134417546e+01
-1.149569609538877835e+01
-1.167993972676892689e+01
-1.027791088280730847e+01
-3.480224157700983145e+00
-6.149771560589738506e+00
1.197622358869929293e+00
-1.539864376999795059e+00
1.196509441182754818e+00
-5.312643698451207097e-01
-3.888155534643948474e+00
-4.428963871626426241e-01
-4.072564430008331016e+00
-3.910028808097416597e+00
-1.140196481228691328e+00
-2.326144442236914411e+00
-6.275321008707595460e+00
-7.026765805604756387e+00
-6.964827512199992299e+00
-4.494243742245578765e+00
