-6.327047601515935149e+00 -7.148372087433318978e-01 -7.516256614100227829e+00 -4.174468318625591756e+00 6.162974560032638216e+00 -1.755557487290146268e+00 -5.745029239695126577e+00 4.779430228210906684e+00 5.790481171372652724e+00 1.698460287004866398e+00 6.256096538044389810e+00 4.007312056287047675e+00 2.383249000955114827e+00 -3.306958543598211619e+00 4.622543024552596691e+00 5.266385493924884642e+00 4.386455881552505653e-01 -3.410183438505936859e+00 -3.182270134769788594e+00 2.234823285876217813e+00
-3.361087633631973937e+00 -1.365351222100190665e+00 -1.013284649293223483e+00 -1.114738154098652512e+00 1.708831895195268347e+00 -1.106803218415488121e+00 1.611273164674217051e-01 -1.662599462923323390e+00 4.761295150058669101e+00 -1.345756581977113342e-01 3.519463979650436336e+00 -9.186452977400195508e+00 6.790458268074733850e-01 3.393215465989381396e+00 5.607870255291338424e+00 -4.323701396940086816e+00 -1.300752182477463048e+00 -5.113119146021853467e+00 6.445180035867539736e+00 3.357539324261502294e-03
1.670495102795796383e+00 8.182190244389405676e-01 1.086259110334240274e+00 -3.969964959495063117e-01 -1.748274956562914539e+00 2.639297135111569936e+00 -6.171972109984817045e+00 6.791186889014998229e+00 -3.441391282669798990e+00 -5.632526541943404297e+00 4.185925878222224839e+00 -2.312848011268114234e+00 2.214233405710267277e+00 -5.930157295716931287e-01 4.126075549933030384e-01 3.848053614115324983e+00 5.676514432992193271e+00 -5.940117899548891245e+00 2.230576341788516714e+00 -4.976024937734139009e+00
6.574250854551254797e+00 4.278961749191447339e+00 1.932622690012672173e+00 2.243862526370084876e+00 -1.261788038889366081e+00 1.783040169527559948e+00 -2.012366387503525811e+00 6.309996420778155368e+00 -4.882487864969187186e+00 3.630893539828903838e-01 -2.767807722598531139e+00 4.815833787598173821e+00 7.193066324511217857e+00 -4.071210969393244561e+00 7.919911130016506817e+00 -3.896758953088711230e+00 -5.152414866358593137e+00 -2.769599135484361874e+00 1.560541503317220746e+00 3.456207426425837337e+00
-1.207527452439864479e+00 -1.822891668680119759e+00 -9.956861784292124762e-01 -2.461111409247507265e+00 2.827283658310688619e+00 6.730619374071870054e-01 -2.917726780574461110e+00 -2.930755543299316646e+00 7.629583870098997522e+00 4.493081538925871275e-03 -4.073764451650666807e+00 -2.590744114103411100e+00 -1.830365906441558721e+00 2.174921848135462188e+00 -1.120310133788568141e+00 5.305244853912351566e+00 -5.604210787439159347e+00 4.992040569700384012e+00 4.782441132474147594e+00 1.278520192360320662e+00
2.486737911439619531e+00 1.768775493354584949e+00 2.008342482397871276e+00 3.288099653556406793e-02 -2.479461472279492540e+00 2.390548821492188836e+00 4.621583164754020423e+00 -5.107380031304924906e+00 -6.885117732012721037e-01 -8.199670601110058854e+00 3.483368193263325363e+00 5.283584217466030353e+00 -2.167686663662205859e+00 -6.027553678868596165e+00 6.349166043833777806e+00 9.615579353235751414e-01 -3.400555597516914830e+00 3.943478158123017607e+00 5.644720567735357797e+00 -1.476692697954742783e+00
1.653653130587264153e+00 2.069982251740485779e+00 6.163258611751034621e-01 -7.457145731512634934e-02 -2.337367805570645718e+00 -5.653085785653932938e-02 -2.451114103386434095e+00 -6.020036717099070067e+00 1.677446118587335722e+00 -3.645392457400486452e-01 -8.268540789528658896e-01 5.802784017705294950e+00 -2.735974764418437122e+00 4.077763825566936617e+00 5.207630185113288235e+00 -4.898744733255969486e+00 7.956412421383466382e-01 4.280035003570854535e+00 -2.658464061762552788e+00 -4.012649366654687633e+00
-1.105455362523052010e+01 -8.356504462622984519e+00 -5.166576983274429047e+00 -3.067037920503687065e+00 1.496437832478968888e+00 1.167464398149857363e+00 -1.509113930792632452e+00 3.527545655075287723e+00 -1.438896077725680289e+00 2.340670659647372087e+00 5.026741827850943700e+00 -6.236525301742292804e+00 -4.774883903974452615e+00 5.315605049559684936e+00 3.746877964749951939e+00 -2.830899257767149013e+00 -6.533434775042349374e-01 -1.748561119800778441e+00 2.135722115410841226e+00 -1.939550848026278862e+00
-2.960522700272450347e+00 -1.937665794911807460e+00 -3.592762159711453962e-01 2.462450648838398481e-01 2.749631381406063557e+00 -1.419189602873179412e+00 3.993946418144308286e+00 3.325348545849291959e+00 -3.084969863334702023e+00 -5.492203400991577666e+00 -3.943004069152745927e+00 5.341751254637660651e+00 -3.134498371567659536e+00 1.356286152259776667e+00 3.843686427091883573e+00 2.666358278566397289e+00 -2.577909892983217155e+00 -3.914782015900041934e+00 -7.121303686546225364e+00 6.694801131650342185e+00
9.023187389384130341e+00 4.653653796451092894e+00 5.283027132404401804e+00 4.771265503334070956e+00 -1.539790682651502429e+00 -5.436145101538905067e-01 6.669493174831100379e-01 1.223839528298531709e+00 -2.379204374865763416e+00 2.178913227253281182e+00 -3.407713915590428577e+00 5.346678674850795510e+00 -2.693107540713624015e+00 9.493517478205674154e-01 1.190659535043188111e+00 -3.699788085041174845e+00 6.387625713789723214e+00 -1.453166291510520125e+00 -3.333802874309226727e+00 2.316321649156860563e+00
6.050954369745185524e+00 7.742149968434391738e+00 4.913838916339691387e+00 2.941967694825208479e+00 -1.493244371154801131e+00 -1.640232422155137593e-01 5.420306199691117044e+00 -6.713367042254086314e+00 4.319224851041531643e+00 -2.852873998656365817e+00 1.306064962748976488e-01 1.565399375510779789e+00 2.580628895885082041e+00 3.503738264989554096e+00 -8.373043279593462174e+00 -7.814289651364220157e-01 2.132014425365846400e+00 -4.699788064074633454e+00 7.553198391400989919e+00 -2.850880664121914876e+00
1.210295083702650487e+00 5.576824767040963193e-01 8.422778122973513248e-01 -3.572296003669200859e-01 -1.595017052135237368e+00 7.994855130505366114e-01 -5.169278113736353042e+00 1.425931550063345599e+00 -2.932635726890727934e+00 1.754449486561650673e+00 3.792538957483591489e+00 5.930668922043946800e+00 2.883037572532313408e+00 5.325877791884301438e-01 -5.494697144491915708e+00 2.080122080064782608e+00 -1.390738968046991930e+00 -6.534773262279523820e+00 1.183075991113109682e+00 8.605672872727360145e-01
6.167109529779263299e-01 2.618277611592310095e+00 5.954369608786883594e-01 1.132153116451217745e+00 -1.892539320346748433e+00 -1.107291249587478488e+00 4.858469003321379542e-01 3.147036452353923597e+00 -4.151918684321580955e+00 -1.354592222952353264e+00 -2.603073179988283359e-01 -3.534190594482077952e+00 3.350414934139755108e+00 7.212600140699756857e+00 -4.485387364923850706e-01 3.830500704678849289e+00 -7.387888039058729817e+00 -6.544115303341780931e-01 -2.831186933154087537e+00 8.264255553666959297e-01
-2.680544706694907298e+00 -2.598663856511579606e+00 -1.406963004361234004e+00 -1.398605908719488866e+00 1.906203689096031884e+00 -1.216053564911126150e+00 2.962945869946753685e+00 2.181945465239865989e+00 3.444094450875631708e+00 2.620288784833137097e+00 -4.582693275808421340e+00 1.024032903817252649e+00 -5.245344387955811705e+00 -5.844368978336516030e+00 5.327186731066102965e+00 6.138095369616638486e+00 1.403450396877386819e+00 -6.703359305835282278e+00 6.528715228470154841e+00 -4.921047700437957140e+00
3.792068537715454823e+00 1.863724380909363099e+00 2.832377592208399353e+00 2.369215347192494381e+00 -1.513900142631754653e+00 3.910755564455541400e+00 4.649994632969844943e+00 3.312268702743334625e+00 -2.611873417855381074e+00 -4.399313744433258067e-01 5.393024375986041896e+00 -4.830182609226428170e+00 -2.814676597079354803e+00 -3.769784324701862754e+00 -2.805527498941309261e+00 7.564601628396387056e+00 -2.862296534522000613e+00 2.559316344463799631e+00 -3.425388465814231953e+00 2.213543472770111098e+00
3.292964297341109070e+00 3.396251669831598985e+00 2.449420156906865653e+00 2.232835191361205229e+00 -1.798017230645543973e+00 3.157253082786407372e+00 7.176957867868541285e+00 5.355429853263795614e+00 8.376605647477635586e+00 5.548302371340006367e+00 3.054308960785273364e+00 1.594107054811075397e+00 8.844845843398891905e-01 1.009470871203957731e+00 -2.659967527883495109e+00 -3.572146429875582285e+00 -5.905859243802099812e+00 -3.678766798597165710e+00 -4.637633606542764575e+00 -7.794160462894971886e+00
3.235095316208018268e+00 6.780884891297993100e+00 1.088643536758798325e+00 4.222723717745847871e+00 -6.202303180633231605e+00 7.168566766697204162e-01 -1.619889090049043912e+00 5.079598436078045509e+00 2.801699999125723650e+00 -1.100170708865148583e+01 -2.518786052373876316e+00 2.051446614559179427e+00 -9.216339327380778101e-01 -3.967615406290351476e+00 -4.844224288686395319e+00 1.389554068485653326e+00 -3.138150656323281495e+00 -3.619094072670922202e+00 -1.162717342690988698e+00 -2.530471232311229279e+00
3.741332901215766782e+00 3.068698531951078667e+00 1.909616236137058332e+00 2.446045399239009654e-01 -2.455557446492716345e+00 1.708907628712650784e+00 6.131397806747873602e+00 -2.059554624221818120e+00 4.438855397093594002e-01 1.487393925555007046e+00 -2.180759384857532623e+00 -9.737670642920341901e-01 -8.101793557393641265e+00 2.868975474152107186e+00 7.362021916610625993e-01 -4.611380526949948155e+00 3.207847854833542733e+00 -5.335188206480385276e+00 2.914596475613448590e+00 5.734956783173026373e+00
-9.668821890497452998e+00 -2.556209119576147604e+00 -4.422733498871294522e+00 -5.135203929683454405e+00 6.185936604070710665e+00 1.172526121560191426e+00 -3.594149744579218986e+00 -1.354234606258924334e+00 2.395548532576742939e+00 4.982284601886879827e+00 -1.158268262927313996e+00 2.568951290320116598e+00 4.870000413892785041e+00 -3.051114960246954055e+00 -2.474236029033857864e+00 1.153233372003192869e+00 -3.075495778066997588e+00 2.245607354983624848e+00 5.089419496062201453e+00 7.108287842934090328e+00
-3.627352553853944173e+00 -2.399203686002513880e+00 -2.024779879709076802e+00 -1.664182252229295278e+00 2.617300337468424498e+00 -2.825633045621485095e+00 -2.341469855431761893e+00 1.380163018183596879e+00 8.344646660813465067e-01 -1.848143000357048038e+00 3.097942370774923848e+00 2.832168656439677967e+00 6.817234401872817706e+00 -4.034246897964107070e+00 -9.193126092940884231e-01 -4.789822179084317177e+00 1.479895916417233240e-02 4.785106427467826329e+00 -1.290985248601848046e+00 -1.043388867703875622e+00
-2.117528434428800566e+00 -1.367243841343062760e+00 -7.807374870393376520e-01 -8.485141818624148957e-01 3.150012304731047763e+00 -3.943845728748857637e-01 2.395024827238967369e+00 -2.174849944106757693e+00 3.446515612422372588e+00 -1.167431064504697691e+00 1.245987972234230057e+01 6.162164289635426506e+00 -7.690399762052016364e+00 -3.343622957465729240e+00 -5.136144131200251373e+00 -3.135423001762303929e+00 -1.886301196746382525e+00 2.180836858107582987e+00 1.783108209179964376e+00 1.788476012564552409e-01
4.551214173947159658e+00 3.950885552703482073e+00 3.524381999791379894e+00 4.552036074399929966e+00 -8.520896048619512442e+00 1.528471778712693352e-01 -1.335327009637763684e-01 7.836754278235285476e+00 -7.657719762274258102e+00 -5.807439455732348321e+00 9.301443557027815334e-01 -1.951007859809195333e+00 -1.408833483962663946e+00 -2.094391970954087245e+00 -6.380328689809653397e-01 -6.195471704990259454e+00 -6.577288715619974191e+00 -4.635018580475904315e+00 -1.155624039503453826e+00 3.972063376731003181e+00
-7.121184049755789225e+00 -6.750244259471275932e+00 -8.693741263101484762e+00 -3.974189293079030350e+00 1.991747280288193700e+00 2.052554545732133473e+00 -4.257868101855246223e+00 2.444084680636789297e+00 6.547669310823813760e+00 -2.732013559249684143e+00 -4.094722073300159693e+00 -1.514316213245645582e+00 5.723865137460137476e+00 -2.184552255166429369e+00 3.001858166661984573e+00 -5.378220907819190266e+00 6.303373276889404409e+00 1.052850315468273346e+00 -8.793183193860906743e-02 -1.147459646156915758e+00
-2.781460535270507073e+00 -1.169757786439608482e+00 -7.513255982964830437e-01 -3.932689343028876183e-01 1.358303427437232980e+00 -1.936993194237747851e+00 1.524008300619437151e+00 -2.274654247230026183e+00 -3.355250886308978497e+00 3.957434748282168346e+00 5.389036656500949540e+00 -1.350077325712057741e+00 2.710940287926571379e+00 -3.786208957712536183e+00 3.251556143595988324e+00 4.820956834022720183e-02 -4.915367548338795523e+00 3.127342621836773695e+00 3.262368876636639659e+00 -7.353433125645377544e+00
5.661153108116061539e+00 2.448315718902378535e+00 4.149836784428022618e+00 5.183762785983350163e+00 -5.097577517889704701e+00 1.614918672425625368e-01 1.377676410644181226e+00 1.713167653998143580e-01 -7.508105008029459349e+00 6.187963763737743150e+00 -4.157980815443996114e+00 -2.812390938201338564e+00 9.727518347265403653e-01 -9.619117713849488993e+00 -3.367936421498443966e+00 -2.147518845701576140e+00 2.067005464960267602e+00 -4.571198858812807408e+00 -2.117651686955511980e+00 -5.913008530045408273e-01
