1.359350622200671488e+00
1.360815949136783720e+00
1.409119718248143194e+00
1.347324253965602958e+00
1.330973285880277857e+00
1.390569963288449840e+00
1.266583603835558458e+00
3.415669313509107852e+00
1.235595325638834119e+00
1.281847585420176294e+00
1.202130028848258148e+00
1.299006026245555168e+00
1.290031444084222434e+00
1.387468509604163458e+00
1.371382722535890331e+00
1.434977682201295179e+00
1.324953309144888847e+00
1.259168752773110800e+00
1.371171353518374492e+00
1.399916745034251342e+00
1.276575574979778027e+00
1.202280821547862866e+00
1.354508799767158322e+00
1.405192553819568868e+00
1.462278192937698673e+00
1.541171914434140922e+00
1.493932987597084372e+00
1.360851499865029846e+00
1.591434640538353484e+00
1.419791770440502088e+00
1.233748721040435425e+00
1.296551145199712263e+00
1.327771656346744988e+00
1.265549114779541906e+00
1.484840726938815081e+00
1.544411776530292713e+00
1.570110516062980244e+00
1.353433495685737675e+00
1.381774060018363670e+00
1.291518257818384807e+00
1.142646242816635072e+00
1.212860279992732160e+00
1.402517596744565553e+00
1.280504936691305939e+00
1.506837369575924512e+00
1.454104034135996981e+00
1.505754504754184708e+00
1.380544706609851069e+00
1.330839112498612531e+00
1.480802294275643360e+00
1.242436042646487548e+00
1.149872986965315702e+00
1.288934385876733035e+00
1.458327448909336299e+00
1.414601717191549923e+00
1.497158938952334761e+00
1.463305968809607727e+00
1.308977523625852069e+00
1.234632853742605674e+00
1.304966208530459193e+00
1.358969769296220820e+00
1.309031168899370101e+00
1.347456765434378312e+00
1.208855452724463930e+00
1.304769878419435036e+00
1.408852446782551393e+00
1.299151509283559047e+00
1.335121804062598283e+00
1.255765694423526035e+00
1.306483629928962387e+00
1.351982854031829495e+00
1.302500337771571370e+00
1.371028078174848508e+00
1.344808338545387283e+00
1.201423119134905626e+00
1.379253859568534413e+00
1.338431025403699959e+00
1.468458957304975332e+00
1.530383831580179432e+00
1.302686691873694569e+00
1.295289639267175552e+00
1.270903879649286417e+00
1.189963308429583089e+00
1.191396280130310403e+00
1.548873518522915660e+00
1.262771389876812034e+00
1.361650936590376837e+00
1.438717196098775464e+00
1.377471917400186818e+00
1.397588968188136382e+00
1.257850112150839417e+00
1.377378407484814993e+00
1.324279331789444791e+00
1.268323556973659283e+00
1.284133068168688219e+00
1.186564001674973223e+00
1.345753200662455962e+00
1.310715403274807178e+00
1.319114908798274755e+00
1.262887869731718737e+00
