-1.306922323863236590e-01 1.193725552495253917e-01 1.168702494322171770e+00 -6.172222242805296410e-01 4.217516069320610961e-01 -6.390711243969273703e-01 2.846708392385277619e-01 6.780687902971511451e-03 7.765084901637678838e-01
9.603700229891351525e-02 1.101306023029646614e-01 1.131153398930224929e+00 -6.590846993016756805e-01 3.574238753178954342e-01 -7.707906539859031847e-01 3.016700605138659119e-01 2.434877190656411020e-02 8.095707901587531063e-01
2.971311797559809675e-01 9.798445734424739151e-02 1.247054626555192725e+00 -5.520804719006405792e-01 3.911839013243469387e-01 -7.247409113144573922e-01 3.361963099101059060e-01 2.096947300383253734e-02 8.607440438233804336e-01
4.236982902991280331e-01 7.711169748995427842e-02 1.132026229405358686e+00 -3.728220735756455628e-01 4.113526766668786916e-01 -7.862753054615967407e-01 3.549065969353284999e-01 -1.052069822861279869e-01 8.804909510566919506e-01
4.405977131359811727e-01 5.917194777004199102e-02 1.095026644426862150e+00 -1.852027969366337734e-01 4.282258223657527396e-01 -9.049524327536123680e-01 3.836991496237794341e-01 -2.894547988809146322e-01 1.015002699224689664e+00
2.514833569715044237e-01 9.998917136955916274e-02 1.109100462316074287e+00 -4.981413542389426415e-03 6.657229233125258050e-01 -8.399855101425091064e-01 3.820974300900429332e-01 -4.536618121405895931e-01 1.039262097882017288e+00
2.182264788026103131e-02 7.079505679835353116e-02 1.065612321564234577e+00 -2.076410872861506052e-02 9.727566738254472822e-01 -4.532626887624243706e-01 3.321209088343200500e-01 -5.086239364342739488e-01 1.026286632040885882e+00
-1.376265357211333973e-01 4.869850851463224106e-02 -6.237577555322023848e+00 -1.340649796292224250e-01 1.682622166725779778e+01 6.065097408972174975e+00 2.698094114163342438e-01 -4.567162734461079898e-01 9.864845453187284230e-01
-3.228041765103445426e-01 3.078355416008720508e-02 1.086190651870875046e+00 -3.130158958053499418e-01 9.053543582863706751e-01 -2.496551009477165906e-01 2.940819636153808592e-01 -3.400305826087965388e-01 8.938950258757683009e-01
-3.046446395869525925e-01 5.236121756106876940e-02 1.006043132685652708e+00 -4.989004549581456116e-01 5.529122994539018565e-01 -6.081013372808611317e-01 2.687752226773060804e-01 -1.406796946013428862e-01 7.662852525469994180e-01
-1.066580586664236246e-01 -1.636301874891806785e-01 9.512588979590309579e-01 -5.737064631305344165e-01 3.815221225048026632e-01 -7.267809743178442750e-01 2.650916565948975290e-01 2.659652418070657803e-02 7.489471138750911638e-01
9.896590188943510391e-02 -1.649125332851467118e-01 1.074528320313181906e+00 -5.852241712908118343e-01 2.568986147817782784e-01 -8.162362779389541467e-01 2.650955632558379405e-01 3.287294639088605280e-02 7.752622737387250273e-01
2.777200481123632825e-01 -1.880999534110885107e-01 1.142526006462026400e+00 -5.262870444429008643e-01 3.251404948998303235e-01 -7.899232588499791596e-01 3.167542543961042734e-01 -1.738415730101590048e-02 8.429329798669611407e-01
4.280304139540163089e-01 -2.167201849826320692e-01 1.240059638812460285e+00 -3.504996321492193090e-01 3.314551492525143472e-01 -8.150995119609262263e-01 3.860258484971711979e-01 -1.169532278720053636e-01 8.677165445263017585e-01
4.218729494881082176e-01 -2.090271257195562282e-01 1.158446570827656563e+00 -1.699461749536569921e-01 4.274212758244839705e-01 -8.623747526565310739e-01 3.778748346604328123e-01 -3.191713243309398651e-01 9.455997055966735010e-01
3.149710210679523836e-01 -1.826538659450470947e-01 1.083510549640356979e+00 2.623405628312764151e-02 5.679646396461248692e-01 -9.674730594357083824e-01 4.068574383391109217e-01 -4.670832366399343960e-01 1.100412262775492644e+00
4.251289892813628346e-02 -1.999600488351752636e-01 1.153725445418936735e+00 4.508388370033718229e-02 6.752707724317392746e-01 -6.391807199090872027e-01 3.943847313455846049e-01 -5.266984292769049114e-01 1.052498650637933020e+00
-1.697474067311923462e-01 -2.398632610112869656e-01 1.045866310261598153e+00 -4.232283342985850710e-02 9.062945186221994520e-01 -3.686524563767507590e-01 2.950185571696715692e-01 -4.659201884715043485e-01 9.933049449063848790e-01
-2.935941364545706089e-01 -2.316505690571461218e-01 1.134569904715084121e+00 -2.451719981591052033e-01 6.918159135099136714e-01 -4.648360386652189424e-01 2.892067147078754563e-01 -3.195927164692244360e-01 8.241378633330425085e-01
-2.770688979868202173e-01 -1.812118699426727153e-01 1.166834529284962008e+00 -4.057535860607513478e-01 5.301754730196166499e-01 -5.924909712050752120e-01 2.794318239504145485e-01 -1.133339574731586641e-01 7.856476177243507664e-01
-1.046683702002565997e-01 -3.724467634101725211e-01 8.961867030652407307e-01 -4.211672931373544038e-01 3.364511748338900876e-01 -8.482619347291058265e-01 2.444898915529905570e-01 1.409447489839389112e-01 7.228442690543173121e-01
5.365662246830465304e-02 -3.620647190364356671e-01 9.982323015960580248e-01 -4.339712381256707330e-01 3.318882228252386102e-01 -7.407485014437001913e-01 2.657817332536930310e-01 1.359638493726101349e-01 7.828731835847004827e-01
2.615078492116300612e-01 -3.607718546254002900e-01 1.129370127383038547e+00 -3.716873572760640565e-01 3.711788000799096654e-01 -7.920489078673288441e-01 2.969031149291552207e-01 1.034046411032046031e-01 8.169732699254559360e-01
3.972987761172075416e-01 -3.900962744935903004e-01 1.184886660501314193e+00 -2.258778220193687347e-01 3.663014042591604680e-01 -8.178650711883771462e-01 3.302034060747467414e-01 6.773268283890855309e-05 8.866858852030018445e-01
4.193900267760120593e-01 -3.670595443078800146e-01 1.169480591158765126e+00 -1.788194322121582427e-02 3.930255660899513726e-01 -9.811129513498870747e-01 3.009123177710185670e-01 -1.784408243406780947e-01 9.808390215798815648e-01
2.614600928890870590e-01 -3.107313583827175929e-01 1.159535472813898682e+00 1.191086678526868392e-01 4.668645559241713650e-01 -9.904239342191076823e-01 3.760486313263927127e-01 -3.268710774081142745e-01 9.765831156998170393e-01
4.987878056865949900e-02 -3.585385925505542581e-01 1.239838477883060008e+00 1.182483167935505231e-01 4.582793532727135744e-01 -8.658422379362950005e-01 4.024132057778379568e-01 -4.242694293648031634e-01 9.846168691772451131e-01
-2.321093615612400685e-01 -3.735010439988849518e-01 1.175877869671995590e+00 5.962145487386275727e-02 5.096161211135586955e-01 -7.280896300447575742e-01 3.325090849167768869e-01 -3.686883828538081720e-01 1.006266067269809827e+00
-3.246960748439473576e-01 -3.509926272113701451e-01 1.366790622169238079e+00 -1.015465244728997185e-01 4.607243246937249292e-01 -5.955307542836455470e-01 3.005677781216765099e-01 -1.950555775362562694e-01 8.088973649205246641e-01
-3.198534035705863365e-01 -3.671261188395214536e-01 1.221595141419201669e+00 -3.074487270450673160e-01 4.031294840325481688e-01 -6.436140809914723260e-01 2.646457458476351166e-01 4.023113328965866736e-03 7.562764970804188858e-01
-1.784122375400360727e-01 -4.676797602579349511e-01 1.037149538329207532e+00 -2.097456020243808616e-01 3.692366796803749907e-01 -6.333295169440489314e-01 2.329484787978782778e-01 3.307385125032373807e-01 7.967823494595466238e-01
1.964688373978998662e-02 -4.764989403368193877e-01 1.137756338155919700e+00 -2.591204444476239432e-01 3.941166251587833180e-01 -6.362157779790854617e-01 2.748999470870693296e-01 3.613630319259058532e-01 8.429587755032190710e-01
2.371244305366286276e-01 -4.505023826700317868e-01 1.097846570627051932e+00 -1.428144579209982556e-01 5.014195969071482128e-01 -6.599235823141645918e-01 2.812485040834451500e-01 3.347749513225932727e-01 8.121440636308632222e-01
3.632669046922959444e-01 -4.376576556085643999e-01 1.186543026240657994e+00 6.381430690824015615e-03 4.761058745076409138e-01 -6.417942334719189956e-01 2.840436773889802868e-01 1.891004345787902496e-01 9.155031526664939578e-01
4.141013109311780793e-01 -3.598030031719982591e-01 1.308191576446989801e+00 1.355228973324054120e-01 4.195841096384035351e-01 -8.342919453608679259e-01 3.164872171487856933e-01 -2.879277670438557674e-02 9.914420039442614074e-01
2.542457947961817011e-01 -3.720916460063888875e-01 1.331198087949085451e+00 3.007225083605848392e-01 4.378237299478990319e-01 -8.667664082100170475e-01 3.517936528200437674e-01 -1.791512254135233240e-01 1.011193104195942327e+00
-2.828998028436817067e-02 -4.110468417314303569e-01 1.526749150512819453e+00 3.266795370940085430e-01 4.362936568026026252e-01 -7.368565910680247022e-01 3.870256955252616149e-01 -2.883020743753337833e-01 1.015618605881339453e+00
-2.850277798338559099e-01 -4.166571375240623598e-01 1.181746316273941666e+00 2.068403794216959191e-01 3.594040367281783332e-01 -7.809929144281962943e-01 3.637665423789842589e-01 -2.616001784154801668e-01 9.210569716730484524e-01
-4.380005151078160130e-01 -4.579765581803026953e-01 1.178119624745560978e+00 5.877447396391013296e-02 3.426564805286491100e-01 -6.876717121491264795e-01 3.432665771399279753e-01 -4.888624874020280897e-02 8.321128735645326735e-01
-3.168633119172456492e-01 -4.364379468576848331e-01 9.842149469979006859e-01 -1.036004635806744012e-01 3.734658450415900277e-01 -7.273882303464209720e-01 2.549681139836364463e-01 1.580082334625501628e-01 7.246285321769330157e-01
-2.446674780636407531e-01 -3.855686962636472592e-01 9.829415184475064349e-01 -6.057688761336987165e-02 3.523848262144408938e-01 -5.400558223506867206e-01 2.691787960572946115e-01 5.017122628903423198e-01 7.352191229128394179e-01
-6.363914457390683344e-02 -3.724300207940942631e-01 1.038182243349865086e+00 -3.081316394954000323e-02 3.947709643446945527e-01 -6.250415977213803487e-01 2.561534718799875487e-01 5.687246024832450786e-01 7.953422286223038595e-01
1.779590995015858379e-01 -3.690100434838410881e-01 1.327766791602548402e+00 3.255194120914767231e-02 4.716316559848665046e-01 -5.569088500098899885e-01 2.772479112117665623e-01 5.057986007395268713e-01 8.717693970715221230e-01
3.334763716088924301e-01 -3.021646727218537110e-01 1.158979973670728025e+00 1.787746845206067692e-01 4.614059266211773536e-01 -6.491762924382178390e-01 3.101236778840308350e-01 3.534017601037072187e-01 9.271689642995005753e-01
3.368562445118884474e-01 -2.396123306910195039e-01 1.354919279638711505e+00 3.645022394479896510e-01 4.873572001566804368e-01 -8.161973240057950330e-01 3.398194462532108662e-01 1.281026572440660538e-01 1.027916340358973946e+00
1.792435872410384212e-01 -2.644863886694320820e-01 1.179263738043030196e+00 4.550263421318626045e-01 4.712277226068782854e-01 -8.547978355525408523e-01 3.484348035370860019e-01 -6.401135932027079978e-02 9.524299339969510836e-01
-5.544830542611391827e-02 -2.821094188500755107e-01 1.353905443663198316e+00 4.338346339847123367e-01 4.179470401259682832e-01 -7.719877572881790329e-01 3.432729529376618016e-01 -1.397214632887938679e-01 9.580598227647659781e-01
-3.577989768024437689e-01 -3.097877748178466950e-01 1.185521626470113388e+00 3.091140668120694324e-01 4.252091040075303696e-01 -7.784961133375406517e-01 3.494106672472880870e-01 -1.001850391617546132e-01 9.359925813597093081e-01
-5.377807436169869115e-01 -3.302269552431222888e-01 1.095463639587354709e+00 1.774676861710679787e-01 3.714259397209724312e-01 -7.365605515688306015e-01 2.695512965109174153e-01 3.939529363458291189e-02 8.069768734948720157e-01
-4.127949460112245172e-01 -3.530367894462883571e-01 1.025599764039891504e+00 4.175990509573791754e-02 3.756515061732391136e-01 -7.846087951623719192e-01 2.337277677156792133e-01 2.589179657503333787e-01 7.033533620409778697e-01
-3.607281170080446353e-01 -1.194374544770484686e-01 1.052201603573057476e+00 4.997984673688621315e-02 3.758876287004855876e-01 -6.253464837542074273e-01 2.630882198865465149e-01 5.537629702072227600e-01 7.151611456921809218e-01
-9.007146400225422844e-02 -1.036548196852145748e-01 9.961040834392491661e-01 6.264105372241608738e-02 4.463765259030252341e-01 -5.242568461164617277e-01 2.920002046415544616e-01 6.589387453422567154e-01 7.495903520312181545e-01
1.582835330712644983e-01 -1.052953728639056952e-01 1.168011858212909537e+00 1.315095666025400123e-01 4.588317906439701166e-01 -5.526259069587676764e-01 2.691379588523416522e-01 6.155644760939446014e-01 8.032161798891190863e-01
3.362658198945674970e-01 -7.707414321768592258e-02 1.338041915655995506e+00 2.772098618794995306e-01 4.480887283413473310e-01 -6.846141505615493950e-01 2.993241244682905422e-01 4.873513100193632153e-01 9.112382154616801566e-01
3.353665576700092799e-01 -4.477605863653322249e-02 1.229567938558072671e+00 4.104965458252089472e-01 5.529138597723154414e-01 -7.348196226422720745e-01 3.113892594291519100e-01 2.742429379330535988e-01 1.036040970839216202e+00
1.926708059408034635e-01 -4.523048649752738071e-02 1.178770826932393545e+00 5.378821312504652452e-01 4.987202857934469047e-01 -9.165847515008391788e-01 3.540684233476268372e-01 4.571347491814779090e-02 9.937068238471077342e-01
-1.079902181345878537e-01 -4.299096727636296522e-02 1.244682767518495714e+00 5.110184322830527703e-01 4.318726232883220439e-01 -8.476730650492005914e-01 3.655501166863590057e-01 -1.874543791360948689e-02 9.241599683097079243e-01
-3.930542530565903636e-01 -7.515792610787822015e-02 1.158424577311802262e+00 3.960787867796033979e-01 3.696314860113489309e-01 -8.262550821006451329e-01 3.316012653037413438e-01 -3.623602478415124950e-02 9.468755042931762400e-01
-6.154294165512602666e-01 -1.070492636835746608e-01 9.040643273084415510e-01 2.383621306748632818e-01 3.087126875462650188e-01 -8.915586452391145444e-01 2.966748973974850934e-01 1.121506967088093804e-01 8.441215683820748605e-01
-4.871105077536281858e-01 -5.910822024274211411e-02 8.722583455783361472e-01 1.035189099259731793e-01 3.081852260289737466e-01 -8.774041621924186796e-01 2.533931636852713165e-01 3.048069062749010905e-01 7.553690717399602628e-01
-3.234900063071924348e-01 1.145914747490760360e-01 9.734716463688417587e-01 -1.595143229481629787e-02 3.381895867422032298e-01 -7.988063851319697761e-01 2.454744161178069595e-01 4.933883177854165858e-01 7.061941758464475027e-01
-6.192049549066216269e-02 1.093216587930615491e-01 1.046538519285105995e+00 2.301884073003741121e-02 3.698884043393689258e-01 -7.402240544622962215e-01 2.854656268956199394e-01 5.858071534563989990e-01 7.600234146869888630e-01
1.470840337629900907e-01 1.433796817880843844e-01 1.107853036035115091e+00 1.307463689036147403e-01 4.084799407909258107e-01 -7.186287915331449616e-01 2.886958588726927233e-01 5.845308238403409407e-01 8.112023311610960796e-01
3.075943185511647582e-01 1.849362813390432458e-01 1.056553403013381409e+00 2.714914399977912951e-01 4.624895390137843676e-01 -8.296361965207889044e-01 3.263944798377474421e-01 4.498827357716813635e-01 1.060611404765031907e+00
3.170964966679894470e-01 2.416698834029058496e-01 1.135927146804187382e+00 4.542892790936551850e-01 4.948540169750647588e-01 -8.782677982228136448e-01 3.541436090586010388e-01 2.596083266679706791e-01 1.019205834323265281e+00
1.076396934462807986e-01 2.122264335645321354e-01 1.258810140246455322e+00 5.054236180921660715e-01 4.191959453563998128e-01 -9.014530715089175139e-01 3.609556692682727164e-01 4.869362259167889229e-02 9.952547417020409792e-01
-1.193644750209676697e-01 1.811973491357193877e-01 1.147809722870277938e+00 4.882347447625503545e-01 4.054167037896626025e-01 -8.639526499423283434e-01 3.716841129469283245e-01 -5.271422457578520820e-02 1.032202830226828461e+00
-3.967334396767980276e-01 1.986813382506815717e-01 1.124319478914823645e+00 3.485042075855936949e-01 3.330081813190332585e-01 -8.527144388604649405e-01 3.687988521704371192e-01 -6.151702730724168539e-02 9.237804209001425626e-01
-5.405326972722559464e-01 1.538414052992517767e-01 1.012707574864349924e+00 1.894144769694077191e-01 3.587238273053692805e-01 -8.284430622067457950e-01 2.920414451958291413e-01 1.061636278963679347e-01 8.463848899153987304e-01
-4.761504071330593391e-01 1.286432182612518571e-01 1.024509504439181429e+00 5.576174790739540227e-02 2.616027217852524567e-01 -8.603734438581513988e-01 2.729470748334517638e-01 3.173274988919045914e-01 8.111938117068951959e-01
-2.571652324444335114e-01 2.663276749507301200e-01 9.409058619558093861e-01 -1.482092648810934554e-01 3.104963111511747087e-01 -8.389476095757509855e-01 2.921000174070251254e-01 3.588666789343593067e-01 7.053585733303061600e-01
-8.962487649083994423e-02 3.262024052730299051e-01 1.053877600253611879e+00 -1.261829336408480662e-01 2.810604788288671441e-01 -8.299206904378978455e-01 3.129767539218477057e-01 4.696894503821839595e-01 7.694407102190771175e-01
1.889279401090389887e-01 3.524294713736409457e-01 1.233769575407555941e+00 -4.901572392284305607e-02 3.839628414466535467e-01 -7.056323844284010383e-01 2.945237339248159003e-01 4.510391304725479555e-01 8.787522744031517341e-01
3.049763667050859883e-01 3.978958734365984351e-01 1.139407042929259317e+00 9.969366435113923008e-02 3.539576380398462563e-01 -9.286897848022881430e-01 3.132941676260231900e-01 3.384159590568009413e-01 9.817289523222875181e-01
3.010694359904103057e-01 3.897559468124360271e-01 6.705593162151468611e-01 2.660564349628585235e-01 4.333061677048364868e-01 -1.234599060902609846e+00 3.560252107642590258e-01 1.425660887191312898e-01 1.031479597579775920e+00
1.465547974149357946e-01 3.566894263930894815e-01 1.051235192636565730e+00 3.830232102236625913e-01 3.628909229880334375e-01 -1.138786234907906758e+00 4.017448604029088544e-01 -4.008386803128323461e-02 1.091739416166676246e+00
-1.087279108947207945e-01 3.633249284691075776e-01 1.123491257002693589e+00 3.822492825194757082e-01 4.017126749253710494e-01 -9.930842762611760133e-01 3.577605391268273705e-01 -1.721343304576185285e-01 1.031307645889131708e+00
-3.764731123727569351e-01 3.824937400954380728e-01 1.269901101199050419e+00 2.629981481122240505e-01 3.686542316253711427e-01 -8.976454692569546534e-01 4.026115087127427050e-01 -1.806043730647898249e-01 9.250739094409687890e-01
-5.266166195533840133e-01 3.581435376388996672e-01 1.299673672636019628e+00 1.166337115624238169e-01 3.560164408742531594e-01 -8.024699113380950877e-01 3.392887062138578713e-01 -2.727700473939384876e-02 8.136928096630058338e-01
-4.736587023238847949e-01 3.571650729347640163e-01 1.020705123955278903e+00 -7.740389523200083555e-02 2.785448517060773455e-01 -8.329909323871511617e-01 2.826490238699634339e-01 2.265805971255429319e-01 7.527920376414821702e-01
-2.665943276558292441e-01 3.601020725854044979e-01 1.013090053765300480e+00 -3.515647229480547975e-01 3.354841948838596655e-01 -7.582975454356811751e-01 2.722762298874607523e-01 1.585221942913404847e-01 7.780527125078696704e-01
-1.244164847904212848e-02 3.982139941538654360e-01 9.559595964936264956e-01 -3.427300851955562555e-01 3.331238218383172911e-01 -8.849763253590746670e-01 2.645066377268356916e-01 3.026733551473142492e-01 8.076607605421113334e-01
2.351717685019315551e-01 4.407414369279505917e-01 9.065057710560032733e-01 -2.608029088285088726e-01 3.617199008372122826e-01 -8.707980763475615671e-01 3.015807650583182120e-01 2.825908282852755971e-01 8.500997902533116157e-01
3.725795661855307861e-01 4.285989857303483253e-01 7.595156260967350637e-01 -1.074245362648004881e-01 4.238161029932535628e-01 -1.096852281155219266e+00 3.533195353756952706e-01 1.821335313056532679e-01 9.689978616334575801e-01
4.030805233895923267e-01 4.498576791035007183e-01 -8.912506107325210536e+00 8.664614650468674406e-02 5.143142443549554299e-01 -1.120893095961839236e+01 3.961673575288203741e-01 1.398778844494280062e-02 1.077090840973671471e+00
1.812228949241224685e-01 4.331037965097647158e-01 8.956206291783845863e-01 2.097610408252045533e-01 4.164577292521569607e-01 -1.226756529735258727e+00 4.075455730833018597e-01 -1.651741364249173227e-01 1.138994375526043878e+00
-7.027013561621414661e-02 3.821799422307738392e-01 1.271830044341099475e+00 2.011375077274356882e-01 5.276985593477855341e-01 -8.038397213501077276e-01 3.871125754495147731e-01 -2.701587036621418969e-01 1.087423802684408969e+00
-2.922481129662429788e-01 3.894920828847033278e-01 1.304939132601736551e+00 1.032202952388596301e-01 5.859456422308412238e-01 -7.274106658100091272e-01 3.374642360428471433e-01 -2.680972984863602138e-01 1.022002450604573731e+00
-4.539672479073956768e-01 3.643304912315329935e-01 1.237366543161570132e+00 -1.147451146528359889e-01 4.722366395428884700e-01 -6.866268333672462809e-01 2.920315943573909001e-01 -9.783206491792614812e-02 9.090224362501111433e-01
-4.279582761280409375e-01 3.580505379971405389e-01 1.260705816501358045e+00 -2.482755531888870548e-01 3.579052847465735154e-01 -7.023973502421299031e-01 2.916815412711390443e-01 5.302140255622104364e-02 8.426596219879427530e-01
-2.001184274551920939e-01 3.055019037237417523e-01 1.111325901478384282e+00 -5.126396655449253492e-01 4.596596326777059316e-01 -5.516874094946251361e-01 2.869562507988335232e-01 7.718679768382954998e-02 8.041367511957890901e-01
5.120381467702785072e-02 3.046068584386265043e-01 1.090713941547470478e+00 -5.281445408779223971e-01 4.674191953211531136e-01 -6.675616193045974534e-01 2.731991786260872246e-01 1.561888354582432747e-01 7.640822248114486070e-01
2.366343644045396932e-01 3.515343206004327148e-01 1.066794179781106688e+00 -4.264462187378400548e-01 3.554733035714088829e-01 -8.088198365410522728e-01 3.298107983445984215e-01 1.609701387372428905e-01 8.276104026285537874e-01
4.216942222468912926e-01 3.122565213004051543e-01 9.137370974849352567e-01 -2.692303955537708182e-01 4.481026423881760423e-01 -8.956237844235939161e-01 3.558793216688789229e-01 1.350378036050472455e-03 9.043638908342395144e-01
4.013555158649719234e-01 2.999118165936251468e-01 7.811108288993916515e-01 -1.117401876230872532e-01 4.651622011133302870e-01 -1.199943874971341140e+00 3.623532422985907275e-01 -1.756399999093034847e-01 1.017547497640668874e+00
2.884507878430058181e-01 2.954919590063033730e-01 9.122263419679284002e-01 8.496477247832660840e-02 5.662581388731945387e-01 -9.526093247998062008e-01 3.955111340049294322e-01 -3.277411002987528077e-01 1.108182017457376878e+00
1.980660117008201104e-02 3.198561727939995825e-01 1.174253141178716486e+00 5.543209601900657424e-02 6.585902294476265739e-01 -7.457207872653185410e-01 4.255768759640787824e-01 -4.484105575766631491e-01 1.086125915054179103e+00
-1.912965260730134787e-01 2.524909354575592957e-01 1.195466513150441612e+00 -2.799559440541938074e-02 8.280023803275819994e-01 -4.080105203394026048e-01 3.025353133139254691e-01 -4.318444323749676128e-01 1.035363556679042674e+00
-4.086524283149664538e-01 2.458945997852561016e-01 1.205226904657412224e+00 -2.655114106808365015e-01 5.908184935220851530e-01 -5.087057856854686477e-01 2.911526856188008661e-01 -2.416862924121210843e-01 9.026309495450205445e-01
-3.710989375794073175e-01 2.700122491605474462e-01 1.079745946521817990e+00 -4.269504931076972265e-01 4.874273362652308261e-01 -6.244471871825814091e-01 3.231651621071144342e-01 -6.850814531920507156e-02 8.436396414177674830e-01
