-2.343428137253192034e+01
-2.205851100943789689e+01
-2.174196668169881619e+01
-2.270559819318317807e+01
-2.275528476722904259e+01
-2.232170062399729460e+01
-6.472318762173470574e+00
-3.124010923976009657e+00
-7.284303268275578169e+00
-1.025214463471385429e+01
-1.874968168249913525e+00
-3.275572376633518523e+00
-6.434525805402333098e+00
-2.960919727696206816e-01
-4.094136230443115920e+00
-9.103481257729898246e+00
8.196768288078638554e-01
-4.038326519463451447e+00
-9.051253518941122067e+00
-9.146464412918254183e+00
