-2.578947642996741063e+00
2.948353206701166962e-01
-2.769983100427104272e+00
1.419634521951210981e+00
7.142871398440774344e-01
-4.632247569552099264e+00
5.530612796374280826e+00
-6.908447746377392562e+00
-5.256248070990429788e+00
-1.204941459148657135e+00
2.852979040523338838e+00
-9.076570883493218389e+00
-3.796306105872246039e+00
5.744645800589909257e+00
-9.356464883927164689e-01
5.128744828556137669e+00
-2.682957139787167211e+00
5.097825031103294435e+00
6.459226953933040249e+00
-4.368366117027166595e+00
-5.047329977206553409e+00
4.543288105917767661e-01
-5.179383209940713328e+00
6.567865247642297177e+00
-2.097409793310686332e+00
4.260392133995034136e+00
2.023941346259801932e+00
-6.475748404110465373e+00
4.104622647086269893e+00
-7.492430105301997934e+00
6.141392296148304730e-01
-3.076174651488358780e+00
4.390743699994933635e+00
-1.622469449919234086e-01
-2.094021911163034266e-01
1.542603771765078680e+00
-1.758364783238958617e+00
4.580374199053758311e-01
1.506166156944712897e+00
-5.465455168379849127e+00
4.757321136090671310e+00
7.522612800597935356e-01
-6.819588404516581104e-01
3.334723812314036362e+00
2.692446870297536154e+00
-6.123875346405047715e+00
1.045492832050871346e-01
2.938960622536754386e+00
-3.903776456466582889e+00
-2.087704551059192948e+00
