-3.228041729840906426e-01 1.499111847553927790e-01 7.591805954186681138e-01 1.084766176502591328e+00 -6.752656742157860936e-01 7.939638808251230362e-01 -2.461706239447011058e+00 -2.503643711187353738e+00 3.120739831902849648e+00 3.246859509865387405e+00 7.648025518262691946e+00 -6.636874664386876788e+00 4.740106103914047964e+00 1.858179922920616400e+00 4.544401423325354905e+00 -2.758396939573278583e+00 1.507695576848699925e-01 5.812583204083844990e+00 4.871115331284441297e+00 -2.746669953254305963e-01
1.520896827248258143e-01 1.706319259943753330e+00 -1.179604641618221983e+00 1.519017674388364769e+00 -1.550091836783930310e-02 6.590876309611404249e-01 7.162504986169406784e-01 -6.402088463061716084e+00 -5.009464168164009301e+00 3.810115022548668517e-01 4.759185374075759256e+00 -6.947650033560562655e+00 -6.439070730870398940e+00 -5.428795570704572526e+00 -5.370071159732309418e+00 -4.566604939314414580e+00 6.454249087876324786e+00 7.100703850590219801e-01 6.188943396563979071e+00 -6.592158908703336095e+00
1.264691278695885046e+00 2.091179487148550731e+00 1.100498831280745993e+00 8.745157398931445725e-01 2.300088893276337476e-01 -3.903630693192091661e-01 -2.547155088463299411e+00 2.724687401514770402e-01 4.961060767633154178e+00 7.122614627497096507e+00 4.628041294321622701e+00 -5.193263247946278582e+00 -6.261212807694313653e+00 4.116842229933449282e+00 1.124863839054975667e+00 3.039712932281969593e+00 -2.200338315549241308e+00 -4.918270018373541164e-01 5.053163715021411484e+00 6.195842587575134175e+00
9.499506701580884283e-01 1.509453028199090330e+00 7.947794188618240163e-01 4.642090473945010287e-01 6.913923855449119471e-02 1.946701947978847436e+00 6.886776585603130663e+00 -2.856787517954369804e+00 -1.354760464126077979e+00 -2.626984272476114324e+00 4.956828514798305996e+00 2.065329251399380173e+00 4.992625478496332647e+00 2.019299615755112409e+00 -6.091031180296871739e+00 5.065075421942266232e+00 4.132124310568930703e+00 -5.444581850876794249e+00 -1.522821700913150389e+00 -5.127010974969453017e+00
1.701349384423135047e-01 1.144669382736658081e+00 5.645085144451077869e-02 1.722459227581033536e+00 -2.929827807711002374e-02 -9.770294335326562551e-01 8.602326485413990254e-01 4.944580436480064733e+00 -7.349169544538655785e+00 6.397979424832980655e+00 1.616303427923147185e+00 3.652692362064734244e+00 7.293349073876620459e-01 -6.859791798664534035e+00 -2.851901376797754573e+00 -4.880527716147579298e+00 3.971013343383866356e+00 3.619019649590282661e-01 -8.066820555143614513e+00 9.402217936660561826e-01
9.068281569438456646e-01 1.285864036639528862e+00 1.086939855740293615e+00 8.112918294095494698e-01 -1.543368762128428662e-01 8.421996604068230363e-01 6.292976185287699309e+00 -4.632567101010399924e+00 1.849763262263499186e+00 2.616782835487257319e+00 -5.043830053699172034e+00 3.564710223102568465e-01 5.958901230162065410e+00 4.362198860638381248e+00 6.456814589720007547e+00 -4.716735465151860041e+00 -6.567183989956154599e-01 -4.528475546584297184e+00 2.542530867627720959e+00 -4.169695533181947411e+00
1.135678017497961240e-01 -1.671841670849022118e-02 1.478656017744074624e+00 4.760900033319864777e-01 -2.271628864620417465e-01 9.028744014918844707e-01 -3.395923027773875003e+00 -5.530191048625125561e+00 4.571174156234754093e+00 5.279160316410961284e-01 2.259281814176553382e+00 3.749971511807995928e+00 5.187545743736762915e+00 -4.266482843004234304e+00 -5.081307744958914796e+00 6.915070746210439268e+00 -1.395568744073095058e+00 1.945441740836045152e+00 2.242922119075555720e+00 -3.329989431769610153e+00
1.001092279836245380e+00 1.922578959300418555e+00 3.251440736485871952e+00 1.527333474254075174e+00 9.846611240556014666e-01 -6.431001514745688930e-01 -4.949419818819372985e+00 4.201923486827699783e+00 1.384350361907249249e+00 3.881997255472818154e+00 5.652474124815128675e+00 2.162846869692273799e+00 2.110977171795134666e+00 -1.104180018306406996e+00 7.105028107150552774e-01 4.829921979727889614e+00 1.323725098398560174e-01 -1.198792642813951037e+00 7.522348726308916156e+00 4.081942759547222188e+00
4.789415658136560450e-01 4.736859758280538291e-01 -5.220642808659471390e-01 2.954185019817838140e-03 -9.945960309679515721e-01 -1.635380803357403545e-01 3.110115386743736998e+00 -3.882300208389287022e+00 -2.850910040450208349e+00 -3.412921158879644867e+00 4.582142807981908206e+00 4.780764152074053364e+00 -6.857910560911174791e+00 -4.972573482799051980e+00 -7.976275836003848596e+00 2.203916785659477018e+00 -4.498513404665050452e-01 -2.644004658057598878e+00 -3.421151887045869033e-01 5.522768399522560046e+00
-2.281528029102384419e-02 -8.165328339641759747e-01 -1.856222340723840680e-01 4.338033496659473437e-02 9.421253451228561726e-01 -1.872056754690408775e-01 3.237841129544928309e-01 -1.462515268046792771e+00 3.263996142242879817e+00 -4.136036757460260560e+00 5.073534767427147152e+00 1.871230784445161666e+00 2.717538237779767218e+00 3.683070307385424513e+00 -2.888868391928080648e+00 4.718444772262634146e+00 -5.756399588933126310e+00 5.705521774797875700e+00 3.135980024134439770e+00 -3.030790316745995305e+00
1.597313161932756076e+00 2.149722152871261560e+00 -1.831923265277514146e-01 -7.693177711512252381e-01 1.334863119066466819e+00 -9.097314843058271761e-01 -3.534665739170137932e+00 -6.091423038048909611e+00 5.686045081174192717e+00 8.552725416103720946e+00 5.262548904032309238e+00 -8.393882584301953997e+00 -6.845548148649155396e-01 2.532103391240475343e+00 -8.457872879736906269e-01 -3.322571490345539669e+00 4.334428293650709918e+00 6.448681250076155891e+00 -1.696189990340705611e+00 4.223216180125271890e+00
2.081459218721765314e+00 1.180786474831984068e+00 -1.074518879035147867e+00 -2.181780751635458593e+00 -1.228940942342604981e+00 4.080952415433269920e-01 -4.463459444954650301e+00 7.134562514462254590e-02 -2.511624324828778843e+00 -1.322699961565002580e+00 3.942173520982420243e+00 2.002183761527342565e+00 6.026166668539401527e+00 1.002374039660724669e+01 -1.229200671506686549e+00 5.715529501731171358e+00 1.420735968513016978e+00 -3.428971725331435572e-01 -1.018919331564369424e+00 3.095697487783935387e+00
4.379655026995460942e-01 2.775575057481423080e-01 -9.939768714332614108e-01 -7.280594231207336842e-01 -2.139013388059530563e+00 3.066892619015660237e+00 -3.821564890224390609e+00 2.422094355674426325e+00 -1.084157207958962754e+00 4.140570806112239488e+00 1.080758336458833568e+00 1.755435170109646004e+00 -2.649380696701683302e+00 5.511594167861683324e+00 3.981375315986753538e+00 -7.084435815384780177e+00 8.013086964366316067e+00 8.042573017209566189e+00 -3.055107165281748305e+00 -1.204304440226787509e+00
-8.558228040247466417e-01 -8.703817431409075489e-01 -1.307327861355066068e+00 -6.497633963956743752e-01 -1.756025488557037550e-01 -9.860685352391281022e-02 -4.134584508478710063e+00 -8.345813273721368830e+00 -1.913978279021398832e+00 2.254620209388822794e+00 -7.290499450832963468e+00 -3.616394635949039538e-01 -2.062366296146924682e+00 3.809801349500935519e+00 3.739531135145424123e+00 -1.293826717726352271e+00 -6.035380133629379529e+00 2.486712948389650624e+00 4.415586644116328507e+00 8.342179933803640424e+00
-5.509920824425446062e-01 -1.813213835127167606e+00 -9.193096558650960537e-01 1.956101611315509414e-01 -6.533611681536865001e-01 -1.079104107595184825e+00 1.200692009625730527e+00 2.873925433556524300e+00 -5.151280610021084172e+00 1.244857204517550997e+00 -4.815998031339813856e+00 -4.272940042811925743e+00 1.923518512650931322e+00 6.289928734892240136e+00 -2.871456894198556764e+00 3.211588511524003486e+00 -7.609265403593799881e+00 6.927532904979059880e-02 -5.100494152305426354e+00 6.604087122087916484e+00
6.414877791578844635e-01 2.128052655170181495e+00 1.983649836685648982e+00 1.612461099999239755e-01 -2.643428857047424030e-01 -8.527204431081674141e-01 -4.519414659228671027e+00 4.206717539979366371e+00 2.637058337070548486e+00 -3.751852315941100802e+00 -3.160342467419699375e+00 -8.503610436348616020e+00 -6.485349173865288641e+00 1.568362829021578975e-01 -2.148412916671612383e+00 -7.648307672713903216e+00 1.033709788839944466e+00 -3.383989770428310173e+00 2.302144454991112532e+00 4.810081865640180254e+00
-2.102155175007947907e+00 -3.419182916310947729e-01 -4.164650247693733182e-02 9.595122623861125355e-01 -9.858642465307621006e-02 -6.861615156118443526e-01 4.711492034067529922e+00 6.778769645822744216e+00 6.323769536787604117e+00 -5.375592841821958068e+00 -2.995191784180917249e+00 -4.759349910061595246e+00 4.861059093834850131e+00 -1.399850848564734518e+00 -2.702212222231115568e+00 4.364145399408029036e+00 4.268738494597692501e+00 1.783476341034216928e+00 5.685543229799796983e+00 5.111658328047207434e+00
-1.620186620116978116e+00 -1.053826729394062633e+00 5.206099929050801434e-01 -5.530082977527356336e-01 -4.857543519415197797e-01 -9.577639056134301665e-01 6.415205511455737586e+00 3.440702551905591822e+00 -5.429500094792546250e+00 -6.291474431995486505e+00 1.438420202506895517e-03 -7.535521658746042739e+00 -4.089723116431402516e+00 -3.305171407569477804e+00 8.500363729640524113e+00 -1.941383782983633566e+00 2.418547804057638917e+00 8.202125382307630386e-02 -4.561337425341899454e+00 3.631328335379307326e+00
-2.925479976311653463e-01 -1.233314543867513935e+00 -6.475948004028913019e-01 1.421357308511140172e+00 1.028962701850406614e+00 -1.718902857012387431e+00 -6.773860146973579965e+00 -4.025791768383373714e+00 -2.982717532904050284e+00 -3.216128744598227840e+00 -5.738610883414942521e+00 5.688923527639009770e+00 -2.410057503151654235e+00 -5.501335966105146191e+00 4.904662652772172393e+00 -3.971398216126025178e-03 -3.844015150478736764e+00 -4.690449400709602479e+00 -2.695157838303153586e+00 4.303574442096866903e+00
1.036048772144955166e+00 8.796877141765415686e-01 -4.372886111448306967e-01 -8.185605338740429282e-01 -1.600488780512893117e+00 1.285583078507345878e+00 1.062924463698016631e+00 -1.268733645256907572e+00 1.494278229498660293e+00 -2.955143192498728144e+00 5.090927230388863300e+00 -2.271098346683017688e+00 -5.827601025487464170e+00 -3.656680825649676780e+00 -5.292256407598451950e+00 -8.735409456293904640e+00 6.033487601185482774e+00 2.038434584003681938e+00 -4.504299564360667141e+00 2.658856761189294815e+00
-6.022339400701047785e-01 -4.291859130519969368e-01 -1.041970856879145924e+00 -1.908696620148441492e-01 5.523589996817077630e-01 -4.241848173618525952e-01 5.814489616295705154e+00 3.253962769031167213e+00 -4.779492642734537444e-01 -5.078368282655516985e+00 -1.037192303422689532e+00 -7.386660281659071181e+00 -3.392398298138570745e+00 7.776752111951948265e+00 7.318468353635490864e+00 -2.820998581277395889e+00 -8.084899159566482085e-01 3.873902445191556687e+00 -3.503473740800950420e+00 -5.555864456087562075e+00
-3.022258673208411572e+00 -7.879287451975587331e-01 -9.310673954542448838e-01 -3.462304813648153234e-01 -6.399481823887505083e-01 8.586861819798586870e-01 1.284812936559817764e+00 7.347712024197410763e+00 5.906253380538958098e+00 3.056403140954668363e+00 3.022427607750641787e+00 -6.095495898143431512e-01 2.591886690717036257e-01 4.148684116760239959e+00 -4.535814441823845300e+00 2.296771846761219038e+00 -1.952929802368999601e+00 8.435931386809668808e+00 1.899565981783880586e+00 7.415330347580294301e+00
3.360046475376557762e+00 2.866120683720730256e+00 1.996475069242956923e+00 1.634302265266478260e+00 1.910969983921830595e+00 -1.777708945363283277e+00 5.686342667270305462e+00 1.374399754288822439e+00 2.804258241445142907e+00 3.730749070159919523e+00 2.130937675331194270e-01 4.162245198119077227e-01 7.568755993482184863e+00 -2.284577945785065012e+00 6.006620321037582144e+00 7.646879326408712707e+00 -5.433890764045471222e+00 2.216308388271154950e+00 -1.202062028454126352e+00 2.797076904789975726e-01
-2.469462732781060765e+00 -2.117844006553867509e+00 -9.136324916791549455e-01 9.381948994629978333e-01 1.976100263681068059e+00 -1.246127414436776215e+00 -9.604012700074349596e+00 -7.833101266965584175e-01 6.782729304332725917e+00 -4.727063985670802992e+00 8.031906223750899798e+00 -6.143435575482235400e+00 -5.753916238045956533e+00 -6.809828323816905504e-01 6.378610021607714842e+00 -2.086586902081273287e+00 -7.031003101373384467e+00 5.270679240476244587e+00 3.281868982654607692e+00 -2.702880190278335260e+00
-1.561358984495324398e+00 -1.133034391998513746e+00 -4.924352722580134789e-01 -1.180263525916096068e+00 -2.067724027719270108e+00 1.275758614822059656e+00 2.278435646897137623e+00 8.532308532529375711e+00 -2.904379561832699075e+00 -2.861353695672517627e+00 -3.552970939993205235e+00 -9.026957154652578419e-01 2.463467194245346104e+00 -2.629775833835091170e+00 -5.530541864776736816e+00 -4.403870275562904446e+00 6.091162423795319469e+00 -3.543868063329544515e+00 6.614672147449337736e+00 5.592089493462264471e+00
8.804553250371421891e-01 8.492303100757155887e-01 3.846206782193012375e-01 -3.928245244733482577e-01 -2.007566158988856042e+00 1.089689202632293519e+00 2.934443528788600819e+00 -3.128258367144636232e+00 -2.757242789766264912e-01 3.992097234605420653e+00 5.766897899372911418e+00 1.256510533962459819e+00 6.560863833807938583e+00 5.208842269977917994e+00 -4.250432475845038027e+00 8.170659029389238270e+00 3.261262256888527222e+00 -6.187765580385204522e+00 6.370991751210282494e+00 7.900304368607401706e+00
-8.389454837567867918e-01 3.933439183976292775e-01 -6.830176439288827561e-01 1.087291033265781193e-01 -5.454625186955766036e-01 2.286676866700600164e-01 4.604276155971997575e+00 -8.689734014080318092e-01 -6.863447894429533847e+00 4.575916997146636245e-01 4.897526703092907496e+00 4.394286839708208547e-02 -3.924533726501835407e+00 -4.975833675478666507e+00 -7.546912924745156737e+00 5.041941036088961603e-01 5.387086546865194059e+00 6.426672740529383532e+00 -1.644687600299608254e+00 4.833223940157274079e+00
-8.704712247335953945e-01 -1.550856735735485492e-01 -7.638675490423458836e-01 1.509863611755357937e-01 -8.077705661722567321e-01 3.966957433600983018e-02 -6.644736081300663066e+00 6.516563496854975490e+00 -4.383580937568687830e+00 -1.807885892286879015e+00 -1.752237781606684752e-01 6.194702914250083126e+00 -3.283245293789486929e+00 -6.072192417527202402e+00 -2.530636055118455019e+00 3.303165017254919622e+00 -5.648155410138753219e+00 1.601448743342634762e+00 7.850026574388668799e+00 5.687567260476828146e+00
-1.301774376448654014e+00 -2.356855741217435796e+00 -1.048161843021136130e+00 -3.579302625638993263e+00 -8.539645787878877847e-01 8.044488137609251410e-02 -1.345359624910164476e+00 3.885209941280401758e+00 7.051016267659218073e+00 6.191747003298695873e+00 -4.692611756860889827e+00 -1.092479796662866098e+00 -4.545314499590717539e+00 -4.988626970831471219e-01 1.366129231497469343e+00 -5.195621075492436347e+00 1.688049640250638417e+00 3.474953113169064522e+00 -5.965625695902354586e+00 5.085772169028856204e+00
1.874776778676503497e+00 1.011404849090106195e+00 2.000318493688455046e+00 8.478245138101627720e-01 1.006350706639151493e+00 -1.223300316035600632e+00 3.210277495513758073e+00 -4.929155143329782551e-01 -6.634309876771948389e+00 -5.996235866092691769e-01 -3.480326349007430764e+00 -1.025032554234238530e-01 -3.460031887219353841e+00 6.553169437329631641e+00 6.362690083799769525e+00 -2.608856848665334738e+00 8.102568363222891534e+00 -2.256935953921511917e+00 7.397467885607070137e+00 -1.979480293588258277e+00
-2.672066111165588786e+00 -7.443799501422476705e-01 -1.226539235403724531e-01 -5.169048982717912022e-01 9.293246158918275213e-02 -8.499591426857158183e-01 1.087109004734718054e+00 1.642562638249300822e+00 -6.465725254039727865e+00 6.925818082196364411e-01 2.033116010774357552e+00 -1.257976848978855422e+00 -6.821226917687498670e+00 4.572342151902055285e+00 -6.815016308432163328e+00 -7.583148029989455807e+00 5.124527424130372211e+00 5.507661922057055293e+00 -7.334995543658467732e+00 -4.292526011082271609e+00
-3.393426751968353083e-01 -9.186120733831704133e-01 -1.167036839996048680e+00 -2.128339521949032864e+00 -9.115272373137877082e-01 7.899195747168958892e-01 -1.918909016206312046e+00 1.586208645519831206e+00 7.538961667670675659e+00 -6.866108701945041304e+00 3.218776607783777166e+00 -5.327452482574355663e+00 2.423213013491621215e+00 7.085153290265554737e+00 -6.047723833937228122e+00 2.726095401075347979e+00 7.027451541834200732e+00 -3.221790391186597713e+00 -2.587808333030770402e+00 -4.721624030716318643e+00
-2.224426617358343516e-01 -6.046988797777791413e-01 -1.138289150168846575e+00 -1.737011006303187388e+00 -5.694344086052544052e-01 8.042013909105478753e-01 3.820611276814199098e+00 1.511917669072444736e+00 -2.987180603848632821e+00 -4.740383962530859030e+00 6.324865942138067965e+00 6.045116732326309084e+00 -1.126592384173569217e+00 -4.299787890828560499e+00 -3.331125677360195159e+00 5.834721522725550003e+00 -2.705686633320526280e+00 -7.162945002595203725e+00 5.324733336132350559e+00 2.847862690830959664e+00
7.238248966455432809e-01 2.738873327050485584e-01 -2.136460289632682308e+00 -4.649523821873684515e-01 9.548849786863938816e-02 9.825026378184363862e-01 5.768849028487274211e+00 9.297859906493609827e+00 -4.857407688475466223e+00 -2.575537334607201245e+00 4.208515521662254066e+00 -5.677561669265184463e+00 4.097761719982837114e+00 5.998995038504844501e+00 -1.384504481686448463e+00 5.687981616358227299e+00 -5.204846623825325480e+00 2.523446628578887463e+00 1.412959999839506819e+00 2.609916651140745447e+00
-2.057696673601686066e-01 -4.068698915353834433e-01 4.118178288668531417e-01 -1.326488136288858921e-01 -2.007684038510056668e-01 -1.742496164165485251e+00 -1.419617869935509091e+00 -1.453755829745553840e-01 5.962278687260639032e+00 6.925534777159860766e+00 5.450135972040797583e+00 -2.791178501240097809e+00 -6.097715120810950573e+00 5.153889557846921932e+00 -2.820924302308692955e+00 4.783253400978748182e+00 3.959233140061542144e+00 4.802599622181198846e+00 -1.277650142162707114e+00 1.998357533769947958e+00
1.685338727371352985e-01 1.211240847064142034e+00 2.127127494387347273e+00 1.858398004612395793e+00 1.334896482875846502e+00 -3.747832442654864260e-01 4.429987998926335102e+00 7.524217327874985983e+00 -5.701071995223231603e+00 7.095391191145383747e-01 5.068604609451320187e+00 7.290826791556725972e+00 -3.260483094120614211e+00 -1.744787350927098579e+00 -4.077563022089508715e-01 2.500993388963195674e+00 7.532855855528397981e+00 4.630779915887855758e+00 5.459596094957584356e+00 1.265387637429121970e+00
-1.785237301353424844e+00 -2.504495741948571830e+00 -1.225831814112370743e+00 -1.635664769116081496e+00 -1.168493849492006631e-01 6.195778047942671618e-01 -3.726230472290244400e+00 -4.776956331538290357e+00 4.688171262588171295e+00 -1.632591850471154071e+00 -3.461258398123829849e+00 4.241107759114774112e+00 -1.573412653906745229e+00 -3.044651405651958243e+00 -3.356246532504426838e+00 4.114093298911187802e-01 -4.563061093716340721e+00 -1.282614368038267783e+00 -3.540121576696786398e+00 2.635439949332618159e+00
-1.516289111393620548e+00 -2.741006256684387576e+00 -5.544628459339910886e-01 -1.026754261213857156e+00 -1.633608816222165583e+00 5.648723907300496894e-01 -4.228796995776350265e+00 -4.642605597045795562e+00 -3.117494243490980921e+00 7.102601910352793091e+00 -4.535505035044365307e+00 -2.374273350804064542e+00 -8.420274749767209244e+00 5.276445783409013934e+00 -4.835745057332493602e+00 2.715791786448411571e+00 -2.799480551806201145e+00 -1.497467631342341565e-01 -5.895725912620639164e+00 6.325024359433482957e+00
-1.386716276898725120e-01 -1.348818372318438596e+00 -1.458356420552038735e+00 -7.392134621198688249e-01 -7.996071451588154799e-01 1.203080328349578482e-01 3.611348212647009365e-02 5.909639390050327457e-01 -2.784016048424243550e+00 -5.706687686240921487e+00 -5.455142798318224351e+00 5.947338894455858949e+00 -1.411244382240462558e+00 3.793215227967118963e+00 -6.007113239108006209e-01 3.228843141203056710e+00 4.166747602112354620e+00 -2.101239129135795469e+00 2.335502284089407521e+00 -4.357673322594059151e+00
1.465567029411842359e+00 6.402893169029185705e-01 5.229741503295762955e-02 2.153143385825928124e+00 1.836722035043675039e+00 -5.094327352974988843e-01 4.176073013504001175e+00 -2.250474965675804739e+00 2.793758833604331304e+00 3.263377069796745023e+00 -8.895335123861043414e-01 5.926705497710073267e+00 5.641920732981461128e+00 -3.739749726692722209e+00 7.556324424023967090e+00 -7.787549571698076711e+00 2.340541215654955653e+00 4.265370837581345498e+00 -5.492301204511424118e+00 -9.337496246387776422e-01
-3.850716686779569464e+00 -1.965971309750098150e+00 -3.554555407074118656e-01 -8.011728689130045433e-01 -9.253705754265141303e-01 3.837544559339962080e-01 5.327502031020314277e+00 2.784692572079003448e+00 2.769511429945572090e+00 4.389327643041881721e+00 5.729420304078134407e+00 -4.155441374599985749e-01 6.224775123717877223e-01 -4.086448285222258114e+00 4.074976316755643424e+00 -8.179683395707713078e-01 -2.525189950687010132e+00 5.483769113103069692e+00 2.022917239538790657e+00 5.125505033401495325e+00
-6.605122736480086854e-01 -1.192587541174605414e+00 -1.622020984387343212e+00 4.347841981989089000e-01 -5.889131786730745777e-01 2.197982534226782914e+00 5.426368883565195311e+00 -8.513199411259954275e+00 -5.064532378943278346e+00 -5.337591258354411394e+00 7.264198594864924807e+00 -2.181113466898546349e+00 2.071169035311890116e+00 1.594338289613890014e+00 3.603539800596462506e+00 4.388074091416476641e+00 5.528590789997860355e-01 -1.967726920531348567e+00 -2.216602966588691714e+00 1.176060048046725592e+00
3.062219626275241691e+00 5.700973036590719634e-01 1.184031903110284306e-01 1.651118802055264734e-01 -8.273727420558901757e-02 -2.539616828084790834e-01 -1.063826564277890352e+00 1.624092724006801935e+00 3.398020928057833068e+00 4.881392330180225336e+00 -7.680811621410261747e-01 5.207774035652817934e-01 8.012513851287536681e+00 -6.261608733663899251e+00 7.170051041208385101e+00 4.675962418754705752e+00 1.868460491955081793e+00 -4.783841559883797778e+00 -4.286824755041564572e+00 1.414894787469657800e+00
-4.061111632994380827e-01 -5.571012644499409028e-01 1.078659680597567339e-01 -2.249329963424547163e+00 -1.029609120012547896e+00 -1.029620527352112624e+00 -2.026953849469869784e+00 6.468996431687393800e-01 4.519674116491740001e+00 -3.020985921553694942e-01 -4.022978213148642901e+00 -4.314439884224070987e+00 8.536162526915678228e-01 3.564668449723734867e+00 1.723478736396639954e+00 3.598484013116375113e+00 -5.306501824003353462e+00 2.457422416898071393e+00 -3.511239672717495264e+00 3.609359797152250859e+00
-9.318359860038252229e-01 -1.367956989403589452e+00 -2.672238878401720807e+00 -7.079037070964154799e-01 -1.199832044033597001e+00 -1.846483765021862677e-01 -7.847361897636459638e+00 3.781279697310740318e+00 -2.011811138328184256e+00 2.708539426350438095e+00 -4.601620884428751168e+00 -4.827094612353307390e+00 -3.567884653178488019e+00 -3.319734819904599732e+00 -6.957594977669645075e+00 -3.380681112763661567e+00 5.669771874502228748e+00 -6.364051501416823520e+00 2.337555971075888639e+00 -3.835602812575881870e+00
1.795837589360101405e-01 2.334255475867978546e+00 1.496861669456924115e+00 1.883273996667688577e+00 1.719173348407153634e+00 -1.611830046284241202e+00 -6.686178139929034536e+00 2.079813198519935291e+00 3.208110973972481350e+00 1.368524060776159512e-01 5.600079985831482254e+00 5.873720311598954247e+00 -4.110874584722452596e+00 2.517149445177465861e+00 -2.931825661322314147e+00 -7.594215561909721524e-02 -4.559971481962499240e+00 4.950960362716809171e-01 5.183525492495371090e+00 -5.693443052268485793e+00
-4.068255657028944650e-01 -3.433354931806135990e-02 1.350404531350513970e+00 5.866832381343592973e-01 2.052474507164184114e+00 -8.502306084083337545e-01 -5.846748325487988396e+00 6.703592027787850682e+00 -6.793467804378543917e+00 -2.778094138537369417e+00 -5.924357325648428763e+00 5.026222883986959822e+00 -6.265071013653344068e+00 -2.773695080900530741e+00 6.294520550219420585e+00 -5.018484146044795757e+00 -1.194007870853847519e+00 6.581793563363016020e+00 3.613826409539722118e+00 -1.120526216705886480e+00
-5.981335022620390962e-01 -7.187990732244822212e-01 -5.280174867162119590e-01 -1.807723584679027384e+00 -1.885009074073844992e+00 3.405616095933978293e+00 9.401441683754043765e-01 6.195062724115792285e+00 -5.157485151380848620e+00 4.124499828315442151e+00 7.018588779878475847e+00 7.207826909784230907e+00 5.868112236050475161e+00 4.161825923424521179e+00 -4.690368767122667037e+00 1.967887570062180902e-01 -5.582758437481989411e+00 -3.595573643096132699e+00 6.470511527245936811e+00 -2.079089626352635278e+00
-1.279947986471267063e+00 -1.187612903289413158e+00 -7.692495737120654820e-01 -5.104129026202247621e-01 -3.683866319081320340e-01 3.125586162960646841e-01 4.647708483878282060e+00 -8.275945816806302702e+00 -4.024639765833665450e+00 -1.072325016953302068e+00 3.672264702376256018e+00 6.927965047192001791e+00 -5.351265282586806116e+00 -6.442772247809077868e+00 2.874919460662858750e+00 -4.671381698888359857e+00 7.213518328809310098e+00 -7.439507078677131346e+00 -4.579390404340847986e+00 4.486800712962211612e+00
-1.818422677153951894e-01 6.988018253960016635e-01 2.251406539276645358e+00 2.053646929975472712e+00 2.093101908412579704e+00 -1.026548606683099329e+00 4.132926300315553192e+00 5.572184068075023866e+00 -4.993296224745851219e+00 -7.015116325241065098e+00 3.014142294420842916e+00 -1.516999422666996944e-01 2.924194465337435656e+00 -3.715775928638919368e+00 2.276236465230352390e+00 -1.338194648244506180e+00 6.375147468653128868e+00 -1.648093152688890894e+00 1.205928994332915671e+00 2.741892226910456642e+00
