-1.287600376353880094e+01
-4.936381475280565034e+00
-1.810614728024814823e+01
-5.594471846808991344e+00
-7.787234788464948210e+00
-4.205502758578412603e+00
-6.756213937460634256e+00
-4.126932667018635925e+00
2.882146746355907396e+00
-2.201048268673341468e+00
-6.298872352259004437e+00
-3.743363220215515152e+00
-1.766699071922064546e+00
-5.306615743707473243e+00
-5.750503604801195934e+00
-4.573838860817690311e+00
-1.966567279935407919e+00
-8.740914802878489098e+00
-6.754071068293987068e+00
-4.876547934714011490e+00
