7.283208537574166641e+00
3.814301359349815179e+00
-5.392677588788268750e+00
2.310301546945891182e+00
7.267273438394729057e-01
3.500310012859381814e+00
-2.104230137416688962e+00
-5.049816359767239859e+00
-2.502955637888920393e+00
2.055681839828917834e+00
4.326078307633019482e-01
2.013539181909983711e+00
-4.311731772676150043e-01
-1.835128381078572346e+00
5.219062644983747390e+00
1.620068326707968243e-01
-1.849238228686676866e+00
-4.735546085379083614e+00
-5.784848994197638206e+00
-6.090827506403303282e+00
