-5.691605642368530171e-01 -8.087790704900565952e-01 -4.019631140343355113e+00 4.531926156577798182e+00 -2.134000793953770625e+00 1.518740915151830739e+00 -4.277480717111905584e+00 -1.960929198121054817e+00 9.835220994861447741e-01 -8.431474183978115988e-01 -3.173775742069710581e+00 -3.978849441467911419e+00 2.849634495379540944e+00 3.891912778615306046e+00 -4.521087746755290127e+00 -1.672973024275991039e+00 3.600728407921347962e+00 -2.642621126288795974e+00 -4.438165624137359266e+00 4.330839852083674946e-01
3.108064661867454781e+00 1.224865121542909829e+00 9.138096815989421584e-01 3.871576599818043363e+00 -4.987699441196872030e+00 4.684567987375166664e-01 -4.526056074832920828e+00 4.001038708999547389e+00 -5.839939411653706225e-01 1.233424109842246486e+00 1.777768658017853998e+00 -5.939868580333088621e-01 5.210018045505368178e+00 3.795976333812635772e+00 -4.036599781815212729e-01 -8.809429087512788970e-01 -4.612383930706345225e+00 1.567467400101733688e+00 -6.649712115906113441e-01 3.010649315736549259e+00
-3.387531141485890518e-01 3.346154257008153166e-01 5.560753928109741784e-01 1.623016334041336162e+00 1.444288039390930756e+00 6.035839404469058034e-02 2.222966475291245358e-01 5.153873041194317217e+00 -4.738804031799991101e+00 3.667855012477870158e+00 -2.039394614835752684e+00 3.116591269473297121e+00 -4.996464290761665872e+00 -5.960290035674976394e+00 -1.176856237396360694e+00 -3.976455067237426810e+00 -2.029555128813074649e+00 -5.176620979192479766e+00 1.071301745870846034e+00 3.706332401830434442e+00
-1.252304305672411688e+00 -5.111017122444833305e+00 -1.269563990652477381e+00 -2.827465632200768741e+00 2.655547646401485995e+00 5.473823357082946650e+00 -1.824122265725370617e+00 2.882957971154546328e+00 -4.732742359948706401e+00 4.675230509330726925e+00 3.373782060239943537e+00 3.999990070710116363e+00 -1.018541159484890324e+00 2.941295632494807410e+00 3.999133320840456030e+00 4.962143401158562561e+00 4.386771066762103821e+00 4.784498767414921971e+00 3.162696639248272934e+00 1.478751414615634641e+00
3.820542100049901801e+00 3.145809356001595614e+00 5.936116867017853238e+00 4.434735236372047140e+00 -8.045980863563433061e-02 3.770062275714956446e+00 -1.906227036571845668e+00 3.114498768524079697e+00 8.597364241274240149e-01 -4.550398551888862109e+00 -3.818302263443960065e+00 -1.364757071934140864e+00 4.564449276157453994e+00 -1.207298696061169352e+00 -1.347036928417420842e+00 4.503544118038438349e-01 -4.386353215220987423e+00 3.017735715478463643e+00 3.444238568082896634e+00 5.446444873206222503e+00
-1.183729992080408744e+00 5.265763797671605850e+00 -4.796474531843153422e+00 3.054380401906811038e+00 -3.108817568515738206e+00 9.178306360507783035e-01 5.597567299037079502e-01 -3.363001960450849204e+00 -5.472460305324311491e+00 -2.050745397609776255e+00 2.085581271860798669e+00 -4.880497474294958060e+00 5.514079710791508049e+00 1.182371206777094348e-02 -2.487981874988174358e+00 8.906547719885893333e-02 -1.858733951021481312e+00 2.397477518877782376e+00 -9.415601384586333444e-02 3.818286701136243799e+00
-2.493667187896582149e+00 3.108617440023495160e+00 2.688927241790373568e+00 -2.005044832278580547e+00 -6.660051110657590812e+00 -3.647209450203829029e+00 -4.544359547466314986e+00 1.878693708189367317e-01 2.505021939430351008e+00 1.233301534426865631e+00 -1.921851745112661547e+00 -2.454178309494570442e-01 2.078425427085567101e+00 -4.040030738720301606e+00 -3.899027962522787050e+00 -3.220730652810610106e+00 4.086026904210783961e+00 -1.429068918422919277e+00 4.990240127857603625e+00 -3.921326935344521925e+00
3.128812312063697476e+00 4.647491363375165996e+00 3.419667457022524726e+00 -5.834202959227956953e+00 -2.416617817000542845e-01 -3.168326046381419125e+00 -4.195798628271689701e+00 -2.448612756540887947e+00 -8.668112564372942863e-01 -4.339207388828539180e+00 5.512895088590756387e+00 -4.698505056001749836e+00 3.394029881411545713e+00 3.988955756516550100e+00 -2.519511130178504477e-01 -7.626127196474026260e-01 4.148709042204825614e-01 -2.175404679090624960e+00 3.083664822639234249e+00 1.478727849902317981e+00
-2.575430902551746115e+00 4.858505855778173732e+00 2.896593709666487548e+00 5.376212220592892166e+00 -6.602411556792920910e-01 5.184934783722856544e+00 5.679955796525346656e+00 6.155167958247720783e+00 -8.832809699365576916e-01 4.282393265672901350e+00 1.359875259579069962e+00 -3.634374550214413357e+00 1.142005367282853179e+00 5.356201247865980619e+00 -2.189163286898296867e+00 1.662693296805137555e+00 -6.141225481507875728e+00 -2.543328683243628596e+00 -3.287306740144983586e+00 -5.924444217711318572e+00
1.662167134400892143e+00 4.117685803247406184e+00 4.662814434754226411e+00 3.661267472319374772e+00 2.722490291957125219e+00 -1.314260628352255544e+00 -2.017910687874861608e+00 -1.371651164469125828e+00 -1.436379911834851475e+00 1.417643781984574192e+00 3.010022909282408676e+00 1.494442875294616835e+00 -1.171417617471530281e+00 -3.656522782511139269e+00 -4.901726304402246548e+00 2.008307663808790000e+00 3.191566619409954342e+00 3.159126362637710628e+00 -5.292298597065983046e-01 8.178284380432650380e+00
-4.133754360133576000e+00 -1.387731518888006610e+00 -3.018341930744726564e+00 -4.708279083970379197e+00 5.191646077031540685e+00 -2.158375512631107274e+00 5.647788077512841731e+00 -2.679473202321930314e-01 3.903876815950302781e+00 -2.358512816652458710e+00 1.212885670083249101e+00 1.774132936944372130e+00 2.748873851521059564e+00 4.406081499810047930e+00 4.185867089714027101e-01 1.723114284406983276e-01 3.544272426855148428e+00 1.413168436738686307e+00 -1.361099671902657349e+00 3.697776856509138010e+00
-3.007552376244431613e+00 2.666261272872170185e+00 8.215237745132895064e-01 1.799951156875152725e+00 2.332537236036207773e+00 3.725531787528072680e+00 -2.294426293559959085e+00 -2.468647732198589573e+00 1.828190505545095323e+00 2.788655415352639944e-01 2.451807491012840234e+00 -3.435280367194576634e+00 -3.067151949666652833e+00 5.418226289852994260e-01 1.730682981907393503e-01 5.277844926969168959e+00 -3.939048859795669877e+00 -2.241573766149688396e+00 -1.569073111195689874e-01 2.194287462864987770e+00
2.943502974686152740e+00 -4.781526491520602384e+00 1.396204040718511452e+00 -3.681615415992414153e+00 -6.561236275275353913e-01 3.600327163793413110e+00 9.261222837741902580e-01 -4.308220533075946435e+00 1.052279487020514992e+00 -4.968305213171604340e-01 6.283630577805633666e-02 1.248481528118380535e+00 -1.751453000864475307e+00 5.107558382458872615e+00 -3.543860797721845035e+00 -1.713695805830194985e+00 1.754348906129377106e+00 5.831424909138260837e+00 -5.456036744928785431e+00 1.097169553211616133e+00
-4.732278768582012241e+00 2.201177236951644467e+00 -1.336569799564385486e+00 -5.193042635999651324e+00 -3.106939317647466225e+00 6.362609021704460410e+00 7.252358015289227522e-01 3.840101041463249931e+00 -2.714608887936384107e+00 2.659028316592351171e-01 -1.006809384032550492e+00 -4.658856880709151937e+00 2.682420282429496705e+00 -7.966588496981483747e-01 -1.834080625264359998e+00 1.008000733195348442e+00 -4.788850846248464244e+00 4.595822949057320472e-01 4.577250275897384313e+00 4.497589363346588875e+00
-4.045545681935884375e+00 4.513094692332253466e+00 1.160771812491125710e+00 -8.820667577113684432e-01 -1.887969368566949191e+00 -3.753371610362974398e+00 -4.591274088164005285e+00 3.307148087301302830e+00 -1.980005349001386694e+00 -1.940607427317306566e-01 -2.178965908923287120e+00 -5.883137834173711944e+00 -4.381086444746224440e-01 -1.013161433818707158e+00 2.149667436130811904e+00 -4.984972870051220362e+00 3.957147955984925858e+00 -6.044114207757791402e-01 1.805642825800954698e+00 -2.716690576627621923e+00
3.788932695511745941e+00 4.563645751059223876e+00 -5.082052381690028930e+00 1.655713796535510429e+00 4.262504214384495782e+00 -2.602046638282416779e+00 4.327385560312343449e-01 3.602047362387174267e+00 -2.743516710930010927e+00 1.227325842178597748e+00 3.323444112358555635e+00 -3.086934098117841696e-01 -4.034249004447414855e+00 -1.266563224368141560e-01 -4.023217727842714808e+00 2.471008125395269595e+00 -4.696637105480491847e+00 6.871212808314175469e-01 3.448820614581427968e+00 -5.515120265243239395e+00
4.657395565456678099e+00 2.122110992742567426e+00 1.531358885862531771e+00 -3.720648104034854242e+00 1.013035809986378988e+00 4.155449891774475546e+00 -3.986497599607567555e+00 -3.683705681991632730e+00 -1.122275941194262883e+00 -1.123713329168092523e+00 1.085623655038351787e+00 -2.011363889830391383e+00 -5.194473841972031103e+00 -5.602569276332455273e-01 -1.695621373315735259e+00 3.328450170815425713e-01 2.685899096323757007e+00 -4.823996216590809460e+00 -3.883708138288200828e+00 2.204248552188416976e+00
5.068190025529347942e+00 3.907847742665933044e+00 -2.883217785469172956e+00 1.758268674855111291e-01 7.164694302736258624e-01 -1.031723855235854970e+00 -6.079578864547909411e+00 1.546285299491131804e+00 4.518107676501244008e+00 -4.639532302645414497e+00 2.576464613830286243e+00 3.246373569730322955e-02 3.777632255748220924e+00 -3.023943487697145827e+00 -4.915146425082512205e-01 -1.030265707117226093e+00 2.275778244936959016e+00 -3.268738156705218056e+00 -1.340862971527245984e+00 2.548992351772791931e+00
3.414071042369601461e+00 -3.740028954111418003e+00 -1.608133504573353356e+00 -3.797297335212410641e+00 2.274822665634485652e+00 -2.274616352463226132e+00 -2.171280536875182410e+00 2.262409476923789242e+00 -5.506468780101804406e+00 2.264089790932786728e-01 5.391041401329546012e-01 1.019722210185306732e+00 -3.147471632452360168e+00 4.402515867854328135e+00 -3.874603098554286595e-03 4.335066388429939188e+00 2.148125647488436041e+00 3.770473179639722283e-01 -5.016525898076669598e+00 -1.268423393557716050e+00
-4.523671086744941228e+00 -3.643310709353635435e+00 2.794843909074426147e+00 -2.941301309666633834e+00 5.257874790060037107e+00 -2.942952894855994650e+00 4.105709205178909027e-02 -3.510115463817359949e+00 2.887022128357636053e+00 3.021688347786245510e-01 -5.706891138041632061e+00 -1.727879046578160160e-01 -1.052709586490158333e+00 1.176596328969110039e-01 3.584306489772543625e+00 -2.281799152001386499e+00 4.345519788027571551e+00 -3.554501410660373256e-02 -2.768648255592007335e+00 -6.037349877816368116e-01
-2.177801943722185829e+00 2.445906392880375702e+00 -1.628496785475995745e+00 -2.102259411485211782e+00 2.582130850709932979e+00 -2.355449735177975068e+00 1.545977969404636714e-02 -1.359276122309168278e+00 6.130456204826084665e-01 -3.914092297747589821e+00 -5.650207005705033758e+00 -3.900281103445918607e+00 1.404772725218966567e+00 -9.596033558010306219e-01 -5.123703724837284312e+00 5.009596184797317164e+00 7.064253014482098081e-01 5.345217796424652335e+00 -1.417268558857608829e+00 3.164707774561699161e+00
5.641144245359220877e-01 2.207518878980186283e+00 -4.312321038758894609e+00 -8.245954791262422034e-01 -2.055444262960054669e+00 -7.557873572902245041e-01 -2.109228119069748608e+00 4.167662401630421343e+00 -2.758262165361992757e+00 1.456257569793857787e+00 3.492443511841329506e+00 2.209128230775474044e+00 -1.852656516296157019e+00 -3.736189417804262614e-01 3.137736927327682945e+00 -3.833584411849586537e+00 -4.887769395330022526e+00 3.327169205084583581e+00 -5.463890698290827075e+00 2.254222758867888476e+00
3.690173269350766283e+00 -3.325736410936488863e+00 -1.533135395666056278e+00 4.293583616868694719e+00 1.170095399866592167e+00 5.034045482435535845e+00 -3.482949859059632836e+00 -7.878280123526376633e-01 -5.071125856263482667e+00 -2.756892623805918152e+00 7.595283003681672918e-02 -3.658975643838680458e+00 3.489560591425848290e+00 1.506097976405437855e+00 5.098773013892883732e+00 2.046906270725024513e+00 -2.523159704627587985e+00 -9.063944473719226513e-01 -3.379172492467638733e+00 1.445567289221071361e+00
-2.584934243293192324e+00 1.623649791642920670e+00 2.525768784781215803e+00 -6.067530196992993119e+00 -1.170479716820292504e+00 -4.525741269556682767e+00 -2.483915289682876892e+00 -3.159974774056392377e+00 -2.108131983204312832e+00 1.683807490168488741e+00 -5.121327793472315371e+00 -4.762915357949366602e-01 5.378353167677428992e+00 -4.159325319236556462e-01 -3.717596922915434643e+00 1.069537470094229059e+00 1.204213487056331244e+00 1.500296694405414133e+00 -2.396299578288382026e+00 2.106674439323792836e+00
4.469285998896644685e+00 -4.005188767564290764e+00 5.217517898784542751e+00 -6.061197666256094685e+00 3.397157633053209391e+00 4.019521727212163498e+00 -2.155761661304303800e+00 -1.542270154815155725e-01 4.807292178762024193e+00 -4.949068370382763149e+00 -4.449382283501175372e+00 -6.224551877163141400e-01 4.199617626276007876e+00 -3.220286979890255807e+00 2.754765730167898052e+00 3.070069372996865997e+00 6.084403425586046410e+00 1.611246306782065929e+00 -4.687717539138084533e+00 -3.194070343736117756e+00
2.389810109649410208e+00 2.720247005477714808e+00 -9.752060603856677057e-01 -1.378024998474133067e+00 -5.892975858783334075e+00 -2.175326983345712506e+00 4.605047027113928770e-01 3.906939608054585733e+00 -2.538845681141611021e-01 1.018967533536215164e+00 -2.358169561355966948e-01 -3.703380812509311948e+00 1.895582287250692000e+00 -4.958813781232499274e+00 2.264554790590364242e+00 -3.800725712934920786e+00 -4.837550656123076331e-01 3.011222172384078188e+00 8.856532421501573937e-01 2.234611319934578955e+00
5.828587192309221399e-01 -1.599454897430532485e+00 -3.838876803441088281e+00 1.163380072218761080e-01 -2.041212266717845836e+00 -4.594439161378870651e+00 -1.863950308260581057e+00 -3.328124134343473983e+00 8.302136116655216280e-02 1.459377727240861899e+00 1.603049362216982798e-01 1.020973868842957488e+00 2.535139858324652717e+00 1.383993714524165641e+00 -6.523342370139999069e+00 2.395703778387002991e+00 -3.324447332167057567e+00 4.525358348971449729e+00 -3.070873620661980663e+00 -8.573817692883392017e-01
-2.041673883030770575e+00 6.417162134961356124e-01 -1.844127430662853007e-01 1.252614611408699452e-01 1.917158791534896656e+00 5.491484650648980725e+00 -1.397530304805144841e+00 -4.041944257407639185e+00 -1.561180285364835552e+00 2.845694051884477993e+00 4.904186705061390761e+00 3.981661117631525304e+00 9.250740224753787322e-01 -3.714508612558920841e+00 -3.200125447635774556e+00 -3.324107993370367886e+00 4.831217860923064933e+00 -3.695233262651529405e+00 -1.353728725679598677e+00 1.731769922431009689e+00
1.380045528146065292e+00 3.826819611172640911e+00 -4.936634928024777658e+00 3.603446372817719734e+00 2.663661681251556335e+00 4.032349410563233150e+00 -2.402171071811047387e+00 4.696885714385212296e+00 4.570414195444699956e+00 3.265248621444600818e+00 1.048141246993158138e+00 -3.111943549728392711e+00 -4.748480164162236505e-01 4.162526154280148383e+00 5.323961432939904093e+00 4.240723617499163822e+00 4.408646323759243479e+00 -1.713229636537661194e-01 3.000693238661389373e+00 -1.109091391209916733e+00
-4.047345789275742511e+00 1.187565106915005941e+00 -2.335384630987315635e+00 -6.088695880577381203e+00 -4.962813751676636187e+00 -3.912855235563495349e+00 -4.488104449812718499e+00 6.182200979875681623e-01 -2.961173721651390256e+00 2.536920270245778486e+00 -3.475456183132286547e+00 -4.801215335319857225e+00 6.693176791507882140e-01 1.663978937079751086e+00 5.198898746447480068e-01 -5.285807526527295686e+00 3.744861554730319675e+00 2.824610774186875339e+00 4.158131450157453557e+00 -1.721598010688324187e+00
6.507841554533193573e+00 2.831229976442303453e+00 1.056470945832720831e+00 3.035500440584219528e-01 -4.298924137376594956e+00 3.438771548669669720e+00 -4.398156313247626237e+00 -9.010491558114399613e-01 -3.783756691590657972e+00 1.245947488292632910e+00 1.498098975493192597e+00 -3.998555128987211216e+00 3.996533523764388640e+00 2.520701183375525734e+00 -2.582131177638049113e+00 -5.667619357945555159e+00 1.999509012614965497e+00 5.658335831464239796e+00 2.071354203757452606e+00 5.833238107638297754e-01
4.741711482104907560e+00 1.937492234461386520e+00 8.045900634522414885e-01 2.733099955923586233e+00 -1.491801214465659609e+00 4.332181796885924641e+00 -2.539803608998857154e+00 3.092878104732111222e+00 5.061963698796032141e+00 5.831432548166270990e+00 2.978551950193735198e+00 -5.035059416776335617e+00 -5.841516499430662313e-01 3.249182929221371197e+00 3.802359146950900382e+00 5.286099622824866451e+00 -1.449485073533977042e+00 4.559514189216605118e+00 -2.277286640949407470e+00 -4.323107862292633108e+00
-4.672066386445677955e-01 -4.026786246764173960e+00 -1.062355477779312052e+00 6.483171207745803688e-01 9.870399944751246935e-01 1.691904630869294213e-01 1.561783608137111479e+00 -3.068933864958747204e-01 -2.877740236940753427e+00 -1.237903637114399658e+00 2.719385326037945028e+00 -4.315228499265186812e+00 -2.838683291095637884e+00 4.937297839824442924e+00 3.330741533099860874e+00 -2.153846942714103374e+00 -3.764638651359580868e-02 2.363476841206269441e+00 4.649603222351541554e+00 6.366538088975508547e-01
-4.016712198895239894e+00 6.201301445825363245e+00 4.699259306034336281e-01 2.866024442898093660e+00 -4.180788222581695024e+00 -2.015567596977383413e+00 1.836022410499429380e+00 -1.475163716090176047e+00 -1.734225363816493726e+00 -1.914052156089004697e+00 -2.222823191936118992e+00 -4.505229762614168187e+00 1.156005287996894282e+00 -4.466393655164471177e+00 -4.891777343982715465e+00 7.665056433985512063e-01 3.690928821981025898e+00 -4.795435957466439802e+00 2.736091864108170402e+00 2.660246088478551929e+00
9.955863892415494076e-01 4.072621482755213407e+00 6.463357563284073404e-01 -3.819792135051832460e+00 -4.486078515404435585e+00 2.829077333901082181e+00 2.265078979987406704e+00 2.332112075693435482e+00 -2.095856759479235720e-01 -2.746341116387077008e+00 3.028256475762193478e+00 -4.205059538159233057e+00 -5.041823118626891365e-01 4.286551720306179369e+00 -7.356797875388292329e-01 -3.744182341726208785e-01 4.676605380828768865e-01 -5.641773350105054874e+00 3.288549261814027957e+00 -4.309742697369203235e+00
5.082084513402792408e-02 -1.636241319087635482e+00 -4.927393030270557084e+00 1.150682107831332512e+00 3.878952863580212185e+00 -3.952997251104013010e+00 -4.824357682732216546e-01 4.389348184886689985e+00 4.511981111575270043e-01 -4.360013353374205813e+00 4.390279877416191634e-01 5.159029957518689535e+00 -4.469485186025721646e+00 1.078642593094093494e+00 -2.760258508944365641e+00 2.365471296931959788e+00 1.771082817239922225e+00 -1.470668647426276898e+00 4.509604220953162823e-01 4.128832327152458959e+00
-7.546962835300449868e+00 -4.012011398210967528e+00 -2.949723898719368353e+00 -2.432895945863764453e+00 -3.321104828955641075e+00 -7.088233333403384240e-01 -2.494702580131573644e+00 -6.024965308406526887e+00 -5.731163480593719051e+00 3.402139918143673558e+00 -1.634468173698937266e+00 3.369565392041842689e+00 -3.014010864334539352e+00 5.292265065533091395e+00 5.164585645174926576e+00 -6.112793156839076758e+00 2.777181669357366989e+00 -1.222633296815053727e+00 -1.066892958815270465e+00 5.969783869539663002e+00
-1.436368784745023941e+00 1.793000417278631353e+00 4.374026344977096414e+00 3.274485552426131818e+00 2.531048815816988817e+00 -1.004534893454600342e+00 2.797129965778256011e+00 1.891819316581667021e+00 -4.550882998643902333e+00 -3.848095655740873422e+00 3.152256800035141193e+00 -6.417218886148020607e-01 -3.826084465948151880e+00 -3.113314122097998390e-02 -9.922463279698708893e-01 -3.011092456555545471e+00 -5.622337600266362756e-01 5.693532441665851707e-01 2.620533972732020267e+00 -2.583151581896265814e+00
-2.984338613387099937e+00 -3.046884338184262742e+00 5.062740644945281865e+00 2.737125027328599192e+00 -5.249916513362461679e+00 1.318991630903030510e+00 -2.593346150670384098e+00 -3.402462347416112642e+00 1.228766031979355411e+00 3.562595041018517428e+00 5.067145480829163162e+00 3.575064534821360773e+00 1.037922967634339999e+00 3.463656032018530562e-01 4.607098573510891804e+00 5.019106218060755964e+00 7.364822354582281960e+00 2.363177473928614880e+00 1.476114231568696367e+00 -3.707328308180759979e+00
-2.089933621839451749e+00 3.241567420995465465e+00 4.674609408775633135e+00 -2.868854775117789302e+00 -5.448006427762608794e+00 -2.960157806175894635e+00 4.140894564096044839e+00 3.671669993673919996e-01 5.106465897009894839e+00 -5.900924068369757247e-01 2.875489548735185585e-01 -3.964404739360283703e+00 -2.831508784360717179e+00 -4.497017312280501500e+00 1.446476821714240302e+00 -2.870866768755659049e+00 -1.567384768246218973e+00 -5.337553188541955151e+00 3.794201029481684806e+00 3.078521217328376025e+00
-3.508395619664018916e+00 2.946476742415152561e+00 2.788743806216069654e+00 2.058634244510425815e-01 2.766721562975377857e+00 2.886475866754062203e+00 5.531968914388075476e+00 3.897533428043585824e-01 3.247740283771248238e-01 3.530163670363320350e+00 -4.494064957483805856e+00 5.652928626441580118e-01 -4.292574496066701606e+00 2.089928911301188297e+00 -3.594905177235227178e+00 -1.766894864986950475e+00 -5.088617952072201689e+00 -6.704770074988467776e+00 7.688863036194236722e-01 4.737706414979991010e+00
-3.807578167266528091e+00 4.543582713319041844e+00 1.220522882490581829e+00 6.072858521379405516e+00 -1.373802311532528408e+00 2.171876653301248794e+00 3.031505174296430294e+00 -5.262258526704091999e+00 1.486849951031474992e+00 4.650797818730924682e+00 5.577790617054771083e+00 5.249233644930873410e+00 -1.338778243578269800e+00 -2.229614925664316516e+00 -2.605185180927932720e+00 -5.200753890618383224e+00 -3.521204525607881664e+00 -1.919061784818029581e+00 1.728416684835155925e-01 5.528270609539505109e-01
7.004949587366530173e-01 6.026272749756759417e+00 -5.607502718607944914e+00 1.530731226742032325e+00 -1.195749799845242101e-01 2.507841434593313323e+00 -5.775995399557300125e+00 3.812506409196781743e+00 -2.094209837448229194e+00 4.481318020537532476e+00 3.648024325330724071e+00 5.217250560440794160e+00 1.899123625311538222e+00 5.316479647891658722e-01 6.024563095682276881e+00 6.947812518162517215e+00 3.236252602371488596e+00 4.594748462434000480e+00 3.740204883196190710e+00 -5.749179363511152552e+00
1.947615299714148707e+00 5.209227404885931278e+00 -4.715756825029458477e-01 4.655102385354213723e+00 5.150239145480393965e+00 -2.296546908071261939e+00 6.772170035778510844e-01 -6.330839428017468684e+00 6.422428516634909323e-01 5.193081991234299366e+00 1.126194134771704158e+00 1.132850275981302390e+00 -1.634965984566387309e+00 2.456622297564722945e+00 -3.441253346227086674e+00 -3.811901634630542102e+00 -1.388120710904000799e+00 -1.295196122353686086e+00 8.556305900532819031e-01 -4.970624126975937251e+00
-4.132961202250406529e+00 4.181020093001687421e+00 2.205658954685422390e+00 3.958036659502586208e-01 -4.152232958987558398e+00 1.568394408302880294e-01 2.258401781166615052e+00 2.037250433070911804e+00 -3.481296936153306376e+00 3.977110071648513934e+00 2.946968097425316291e+00 2.380961658607556597e+00 -3.811866423451463870e+00 2.240733850488874968e+00 7.456049529187402936e-01 -5.404277934512541348e-01 -4.210239671142191886e-01 5.644182683051186977e+00 2.078329278264894331e+00 2.335098994858936017e+00
1.063828263838357158e+00 -2.279175023502184150e+00 5.289704639095353933e+00 -2.501183241211136110e+00 -1.305984337801834316e+00 -4.633565820874250285e+00 7.077104134694726101e-01 4.273644221383086972e+00 -8.595448686221134338e-01 3.338905193656790255e-02 4.527779386643815407e+00 2.556527797632183852e+00 -3.692179580103747583e+00 5.307662629610714333e+00 2.590911790928381198e+00 -2.839852314468373162e+00 4.102019331627643872e+00 -3.159079700784173106e+00 -4.669463014146763236e+00 -4.351457544029765145e+00
-1.197655317312283030e+00 -1.785288355854666165e+00 4.619878490985613873e+00 -2.544005084485739143e+00 -1.864611495792920515e+00 -6.851292712357553327e+00 4.874947442155049160e+00 -1.680049881684643642e+00 -5.223496307561775964e+00 4.362641993306608512e+00 5.102743595313628866e+00 4.044775694217544348e+00 -5.187579870318618447e+00 -4.478969579464726181e+00 1.374077336414950334e+00 -3.099156186056721829e+00 -1.099608115470610104e+00 4.521220610651489835e+00 5.143053120182316640e+00 5.017801485907744663e+00
-8.632627280099856026e-01 -1.793147822782220180e+00 -4.402459960038672904e+00 -2.595254583852244945e+00 -2.219063123301195262e+00 2.836258846853693338e+00 -1.098507845391725413e+00 2.336786881919935777e+00 -1.588674516194460873e+00 -2.899405245705102718e+00 -5.648561972508769458e+00 3.277140020901895934e+00 -5.110102831191180250e+00 -2.870944757122181556e+00 -6.559209008343758640e+00 3.833585627749745761e+00 1.358708750023486900e+00 -7.450668408214640159e-01 3.429607883653655431e+00 -3.016546238269378399e+00
-1.309804819730696623e+00 -8.045669284702368085e-01 5.162529858378294811e+00 5.470732284611153240e+00 2.965520304422317288e+00 3.629906832803065697e+00 2.611548279572567299e+00 -5.549301639457544510e+00 -4.765180242388504794e+00 -2.750504154600227569e+00 -2.850007119960886293e+00 -3.637666610503112352e+00 5.562662044079896617e+00 1.065096951020107374e+00 1.533752359398088627e+00 -3.256947979655625325e+00 -4.275781399351192280e-01 -1.125743379156101120e+00 -1.653135476548109439e+00 1.797784929659772990e+00
2.075614657953536391e+00 -3.862548301787230187e+00 1.099129198405476515e+00 1.861998907710743945e+00 -8.145855801581531885e-01 9.858055740812702306e-01 1.902425433154659951e+00 9.768474154951849453e-01 4.390660485006428360e+00 -3.604487382823529540e+00 3.902785748064717897e+00 -4.073462918189264537e-01 4.715471609866294322e+00 1.133170519101582396e+00 2.437590917545352731e+00 -5.291801930885920768e+00 -2.184968999142027801e+00 -1.158942261219396475e+00 9.161678477770019979e-01 1.857238240888263503e+00
-7.615200521190877980e-01 -3.350669832385095859e+00 -3.678972722432209519e+00 1.096829358929795051e+00 -3.388888742252414765e+00 -9.481440928739559570e-01 -2.336281804502570392e+00 -2.239380093826035978e+00 1.831981827769889160e+00 3.149009840493884216e+00 1.039889312571723040e-01 -3.191161924181611820e+00 -1.551142175778491117e+00 -4.655439419835094128e+00 1.188736027301512121e-01 -3.248467618436806426e+00 4.774223268458938740e+00 -1.062601116803586931e+00 3.442141185135421555e+00 4.079991135243950851e+00
4.469924782066078350e+00 1.258942115165132769e+00 -1.578551569217091721e+00 1.738068829810376803e+00 -2.237989422850503285e+00 -3.459793361746774210e+00 3.103496212633745976e+00 -4.420628553944378147e+00 3.374621118389049546e+00 -1.777426015342881138e+00 2.408442033682862624e-02 -2.586223581416207118e+00 -3.036257484350885605e+00 -2.886649377005850781e+00 4.894464775756716790e+00 9.347947287848836773e-01 1.708238712327559750e+00 6.977672814540297926e-03 -3.809952720191738251e+00 -1.865229358765017720e+00
6.629596483191416145e-02 -3.532780820540583733e+00 4.136796450888211574e+00 -1.140645812678422910e+00 -2.657030218999896665e+00 -3.438656119237629483e+00 1.961949107992951635e+00 6.138826908106871372e-01 2.052774640819047924e+00 -3.575800362465029747e-01 -1.051811770239747590e+00 8.925884346814034753e-01 -3.811838298819559601e+00 -1.665881425408988425e+00 -9.675020591495313571e-01 3.634912383953228243e+00 -1.185923186647961369e+00 1.610267520090333804e+00 1.937250544508045402e-01 -1.537238662001663425e-01
7.599184030997166772e+00 -6.057533850640002271e+00 -4.803351679549501263e+00 1.953788957965308937e+00 4.749846147948892039e+00 4.939526657116037001e+00 4.423009423367216364e+00 -4.262841549676189778e+00 6.457889028663791331e-01 7.107427268906461038e-01 4.266377122069312300e+00 -9.890499772829218772e-01 1.922963088040597346e-01 3.991385527554039969e-01 -1.714370260917582600e+00 6.522331449830747196e-01 -2.079592011096907278e+00 3.123284126968775887e+00 -8.006835505338541381e+00 -2.385885649144709186e-01
6.077721066433769970e+00 -1.326048638843981609e+00 2.556490025005323741e+00 -3.364247794174071604e+00 -6.708640876599528680e-01 1.429258834353878571e+00 -5.764584408167736790e-02 -5.253698037589712655e+00 1.125243963699807281e+00 -3.107646981267182529e+00 5.918566035651150692e+00 3.159439175249532106e+00 6.800802832599675551e-02 1.490188241961152738e+00 -5.465433358217871351e+00 -5.546659445835335767e+00 3.454626671555133477e+00 5.101025408980548903e+00 -4.595263314453933212e+00 -1.237538833316679798e-01
-2.594335128203889340e+00 -1.054047405283299987e+00 1.323279599516115068e+00 -4.780396592169156023e-01 4.474613887959754122e-01 4.509166437867160759e+00 3.517205651827968627e+00 -4.299889299259674225e+00 -6.896869656333586285e-01 -9.104629713043737027e-01 -2.400129421902405635e+00 -2.376863198734270544e+00 -3.171440564899615788e-01 -1.707510607844590300e+00 2.193408639243077385e-01 -2.934787624679771945e+00 1.151813731900141358e+00 6.825150173212839455e-01 -1.973592899374156939e-01 -3.881162415197475735e+00
2.541174467849411034e+00 -4.492389994144041943e+00 -6.283933649952561318e+00 1.875791379073621812e+00 -5.282517144845348511e+00 -1.506441386802985560e+00 2.154727327009806181e+00 -6.618200091737636015e+00 -1.354517030574519332e+00 1.773243877147200775e+00 -9.885621456488080661e-01 -1.899962760911187987e+00 -4.311114915298869255e-01 2.067822883747269636e+00 4.088768378285874583e+00 4.196951988918393162e-01 -2.304749514737364446e+00 4.409535967137500734e+00 -1.122465826364037689e+00 -4.829159654109483668e+00
2.030436690743137262e+00 1.162536586175997311e+00 -5.395136183486891390e+00 -2.214287063521847010e+00 2.785879295251922905e+00 -2.121729072411854489e+00 -2.207479341258453243e+00 2.758984781770953187e+00 -1.057213558354184180e+00 5.432968087463911466e+00 -4.647532050766282730e+00 2.151674032545448423e+00 -2.897482058217234258e+00 2.041493410859581414e-01 -2.371649315713794337e+00 -4.062096605985935582e+00 -1.935723354161326126e+00 -7.718615774065490376e-01 -5.891482261504049633e-01 -2.322982299405601303e+00
3.419090126160869492e+00 1.649390042790489508e+00 3.948324240341448021e+00 -3.033095489261908306e-02 3.384839511174203786e+00 4.487473090904424033e+00 2.150126755702274739e+00 -4.868095336034451215e+00 2.951296389761220329e+00 -1.950493565964523501e+00 4.148527787325200222e+00 1.417870619665877685e+00 -3.074330163800642612e-01 1.566516983747326508e+00 4.759005535820826083e+00 -3.001910010985099131e+00 2.929768450456428308e+00 -1.401600436231253077e+00 -4.485514704533485109e+00 -5.126444839765141204e+00
1.354692779519742485e-01 -1.150012488587922807e-02 -6.177798667703489066e+00 4.393795903403827197e+00 3.849752891147538936e+00 -1.881286252113346436e+00 -1.653125742920261432e-01 -1.158785186393218147e+00 3.325664632652346242e+00 -4.687752277156202574e+00 4.934681545982411599e+00 6.594052982491073189e-01 -4.044235644118487016e+00 -2.234701684140198985e+00 -1.399253651994106784e+00 -3.614730275496341516e+00 -2.348017472599559952e+00 -2.259361959336435799e+00 -5.125549803941642502e+00 2.249147247751114520e+00
4.691686500752107136e+00 4.861203211730007467e+00 2.331190357969142202e+00 -3.756272545963422083e+00 -6.698333698806394843e+00 7.117046981638357472e-01 -1.366501343937928770e+00 1.020362375446791869e+00 -1.002261661027433748e+00 5.494167655944234951e+00 3.266658251566938453e-01 -6.194170859530771622e+00 2.884651540624247890e-01 1.203331884340912428e+00 -1.176515537032301495e+00 -9.237052007271364662e-01 -2.186153157077807663e+00 -1.140498125035100285e+00 3.891737673542639886e+00 3.772601010681595479e+00
5.575921022493608881e+00 7.135505100527705924e-01 -4.439919076739868409e+00 -5.180885770104826094e+00 2.325472624872173988e+00 -3.563982442105416037e+00 -2.338405610467424900e+00 -2.291223983402073117e+00 3.852149105444240273e+00 -1.382134239872756298e+00 6.081910914613732011e+00 -3.068124939513801053e+00 1.341176872878907966e+00 -1.638169455647252137e+00 2.807103414876162883e+00 -1.170515495428692931e+00 1.149787902815525120e+00 -3.672324199357818730e-01 -2.555082531906515353e+00 1.305695723017694876e+00
-2.209936447637193879e+00 -3.208058193071131381e+00 1.389270422475233913e+00 -3.903632413526388234e+00 5.529868015211962806e+00 -3.738136996699934933e+00 -1.499715970385893549e+00 2.454624532301588946e+00 -4.415197730776565521e+00 8.204748036304545522e-01 6.604791184584805075e-01 -2.022483027836519398e-01 -1.034252552542781478e+00 -4.555733804278539800e+00 2.660282512342033279e+00 -2.458801226569778287e+00 2.020426670374387168e+00 -1.530038313689976004e+00 -9.639828550908590143e-01 1.793036517171870292e+00
1.186334532441121636e+00 1.226232591047313969e+00 5.324712533283300075e+00 5.246582446125648502e+00 -6.486006839191697182e+00 -1.710046669106431327e+00 2.561277826756737319e+00 -3.088771543505706596e+00 4.345035036226812863e+00 -2.137244851085841724e+00 1.248175567642420436e+00 -3.479009140185422844e+00 1.282640651438510249e+00 -8.483783675065055263e-01 3.423793629722864829e+00 1.641298737728153823e+00 -2.970453642584149900e+00 2.931940956655922359e-01 -1.382369629128113342e+00 -5.458528173059579380e+00
5.313756144726127673e+00 5.346176627583050234e-01 8.089210768810154439e-01 3.270674285078658539e+00 4.718106859147339627e+00 5.149580229469472581e-01 -4.788368615113603788e+00 -1.931528418610767073e+00 -8.402728296133457064e-01 1.797528250437232966e+00 1.028641836793909414e+00 -2.766025434721648413e+00 6.180818741489677137e+00 5.213927741324638099e+00 -1.934045644812247167e+00 -4.476613933912308996e-01 -3.054639874768991792e+00 3.505467473141270052e+00 -4.277244509235283765e+00 2.165523224179612072e+00
-4.922349929963867887e-01 4.143329451577199229e+00 -5.726504206445942602e-01 -6.661569409935361286e+00 -5.139107801382116758e-01 1.793406140287169714e+00 2.482337570507725300e+00 3.777505065648156801e+00 -5.006524089033141500e+00 4.597446614126643460e+00 2.891566191098333238e+00 2.564641961004774817e+00 -3.264510440600854935e+00 1.720230609718381265e+00 -5.641597712971806899e+00 1.113653399076995010e+00 -5.666507459274322756e+00 3.416815611200810565e+00 -4.446112514190032172e+00 5.192073850185598971e+00
-1.707306362818326595e-01 4.163418623737670465e+00 -2.741055680993285115e+00 3.189419190699223972e+00 2.344525408031918889e+00 -4.990738490788068304e+00 -2.265605465820342834e-01 1.101497669976019722e+00 -1.560635336578746868e+00 -8.085900680370279314e-01 2.631906826014861256e+00 -5.116704539590776868e+00 3.034773366406252837e+00 -4.672422580636159672e-01 -8.012051894054019741e-01 -2.611302538206399237e+00 6.628114415554658301e+00 -9.647808048945980541e-01 -4.701636078103100580e+00 -4.237935374495251040e+00
-1.848281453549150077e+00 2.943568620991200646e+00 2.999212919885401174e+00 2.053905441211423710e+00 3.107589169355518433e+00 3.292773031169509562e-02 -2.923029745176166649e-01 3.528930858820061633e+00 -2.873453550031315640e+00 6.358286331363141031e+00 1.865598436744703825e+00 -3.027196984583560013e+00 2.417651768311806393e+00 -4.184808482324669399e+00 -4.508839520732587758e+00 -6.073265586369989144e-01 -2.045443181079965034e-01 8.528554140164297526e-02 -3.037201136825312897e+00 -1.091385916817458890e+00
-6.263262489721715731e+00 -1.010703262911541778e+00 -5.686389248799180507e+00 3.612705788880392177e+00 6.742023076206725918e+00 -5.206221069064072005e+00 1.520543666428477492e+00 1.046565926990436157e+00 -1.796632736677737263e+00 -7.538963448637292508e-01 5.275019774602374589e+00 -3.459574982227243911e+00 2.170118572763809262e+00 1.823536342932808640e+00 3.692128828647650796e+00 -2.503833177340871519e+00 1.777740509392738311e+00 -2.154583819540252243e+00 -4.178776055759128916e+00 6.532405730957441925e+00
-3.944613400145324800e-01 4.664611315129525870e+00 2.930785899691120022e+00 4.460837730393771849e+00 3.361853921353268326e+00 -3.596698106267685713e+00 3.133219101409824514e+00 2.788544689362388418e+00 -3.891345359551957039e-01 4.344827770195105465e+00 2.867018646931498438e+00 -3.006856376946322573e+00 -3.148259386885948086e+00 -1.379119954077666854e+00 7.416086106331749583e+00 -2.768556340553593120e+00 -4.549835168022573484e+00 3.539159106718024805e+00 3.473880015333346893e+00 -1.105063153684200827e+00
4.818300493171610910e+00 -3.600553289159701187e+00 1.788331658426719262e+00 -3.190355044402182205e+00 2.968226852628913282e+00 4.947433304020520950e+00 7.633781183111609803e-01 -2.196565677342511513e+00 4.931500758456493827e+00 -5.291751861694862669e+00 1.765243673046875905e+00 2.556343986891052023e+00 3.777724092726843619e+00 3.406602514240784974e+00 -2.379227939370014866e+00 2.535959637851692428e+00 -4.982555845758605884e+00 -5.237565357243286535e+00 -1.669212740954921115e+00 -4.829787186110868547e+00
1.948155317722334745e+00 -2.132617665158123010e-01 -4.213186142109190513e+00 4.707861058781185548e+00 4.801104116501858421e+00 3.831395178032374282e+00 -2.726312755923101072e+00 4.434705118621828035e+00 2.591634221019338380e+00 -2.791321738023680332e+00 -4.322977742224339615e+00 2.728028181781901651e+00 -1.039579329124069806e+00 -3.126513527864011266e+00 4.817628611095919666e+00 3.543639621756752955e+00 -2.193771106879911503e+00 1.156941381876841035e+00 -8.029750242141215910e-01 -1.656610091333743151e+00
3.979656054253611241e+00 4.733133326498497162e+00 -2.159015206889403959e+00 1.310444294304012214e+00 1.785059271795749469e-01 -3.990671387186437880e+00 4.848720624539358148e+00 -2.995932966050584678e+00 -3.689211697452817962e+00 -5.913246466080491537e+00 1.337304581523838021e+00 2.835549269267720884e+00 1.917320136559089283e+00 -6.054956509699192857e+00 3.275169768403202397e+00 3.729394208119262810e+00 -5.705657866239166154e+00 1.489143233576295522e+00 -1.291802682453674356e+00 -3.031191682073262506e+00
1.315503810367127491e+00 -1.946620470848434925e+00 1.306921966307574567e-01 5.389138580316401583e-01 -2.592470834818027203e+00 3.840540594723240719e+00 6.118907633146037028e+00 -1.135056164151568181e+00 -2.007588649765073896e+00 -5.861250477696970940e+00 -5.464713705513934983e+00 -4.855081347461214780e-01 2.489991198520285387e+00 -4.323152380042319720e+00 1.858835048487528452e+00 3.235125123563156624e+00 3.159915521805006566e+00 5.458443303267966229e+00 -5.313138378880071677e+00 2.731158181527137963e+00
-2.367353785770399011e+00 -8.100254376382435284e-01 5.760148656984325211e-01 4.646324323357232444e+00 4.895004763481724197e+00 -1.431911584848868602e+00 1.991800692829032160e+00 -4.701647078944032998e+00 5.272540798161032827e-01 4.008934030708109830e+00 -4.203204238347198363e+00 -4.302245761652350176e+00 -2.769589904024482241e+00 -5.444156355974699046e+00 2.287077139777650370e+00 6.381878010392449063e+00 -1.905956413296265417e+00 -3.437690985358754947e+00 3.351605481522472285e+00 -3.061144333354473446e+00
-7.926270661051024735e-01 3.595579602213109016e+00 2.930032726720637193e+00 -1.399974926224882399e+00 3.660291783404440835e+00 -3.962294310140753062e+00 4.141251025469956382e+00 1.219048926620188267e+00 4.125786506007432131e+00 2.379171135772678802e+00 -1.352393920673492289e+00 3.882900287802543815e+00 -2.893307494577621597e+00 4.483494332067581745e+00 1.799756498871740273e+00 1.315950056368781373e+00 -1.788447077297520282e+00 3.069693738142635464e+00 -3.574957558922842615e+00 6.851008841791634829e-01
-4.131626265566781697e+00 -9.599029163294550693e-02 -3.366186626420102357e+00 2.460093065145900315e+00 3.065630465677374961e+00 5.105552230706966732e-01 -2.449944861450910949e+00 -5.989641270353911473e-01 7.893868745084660077e-01 -5.113216540545776567e+00 2.421084003662580919e+00 3.548936829394508941e+00 -1.837844821970846532e+00 -1.631247228836546714e+00 -1.041704914072661747e+00 9.920015371573355223e-01 3.155148036197122696e+00 2.295835124816687500e+00 3.160219835626494778e+00 -9.928544348233746542e-01
-1.254532211460441138e+00 1.120458418212996188e+00 -4.436020387735725379e+00 5.118892020248826391e+00 -2.851603122525304013e+00 2.440838915516500229e+00 2.221710357416529114e+00 5.124586999792100528e+00 4.238048629719311511e-01 -1.518929484381861539e-01 -3.051635259925478127e+00 3.960065667955517732e+00 -1.296260415341701666e+00 3.749971391286948119e+00 -9.995675277644990864e-01 4.094990105550321502e+00 -4.666585258034304573e+00 2.638978035323499949e+00 4.731575774991902961e+00 -3.314372634588004018e+00
-1.180805066777354417e+00 -5.255991893393411468e-02 -3.107720500167763689e+00 -1.462178379774943526e-01 -2.863978404991088134e+00 3.521747438233643557e+00 2.870768061004013827e+00 1.730622619415277397e+00 -3.530924041899547561e+00 -2.009874017605686458e-01 4.202957592031419054e+00 -4.403617095059288111e+00 -2.134666946194144543e+00 -3.319117616733574749e+00 4.033309818153322013e+00 4.834854491013749644e+00 -1.356049410553773704e+00 -4.009927427013642465e+00 4.630323158918058013e+00 2.776704245041490715e+00
-2.297549296181090384e+00 -7.072106518818456200e-01 8.158408794327641766e-01 -3.010501155269093676e+00 -3.268664132396954081e+00 4.441466055871854834e+00 5.986492999361634482e+00 -2.858416117408488777e+00 -3.615988157408032144e+00 -7.886664486445958966e-01 4.506463719546521141e+00 1.438174447281589829e+00 5.355738497502888329e+00 2.738544566342192343e+00 -5.797743303761732081e-01 -3.362767599341935920e+00 3.736593482697826651e+00 2.820609161216133476e+00 4.117249790001344500e+00 -5.188271373330661795e+00
-2.833651095434956080e+00 4.402605598725137348e+00 -3.615821853313456735e+00 -1.629174836212762489e+00 -1.118395774118728259e+00 1.007532580786688392e+00 -1.076286630319795545e+00 -5.997301011398461945e+00 2.974299154221799135e+00 3.755130567649004103e+00 9.754752388828049625e-01 2.372875575571838092e-01 -1.236848186537371941e+00 -1.571045058239282755e+00 4.081782810501624503e+00 -2.652409374979215251e+00 1.483507896795899006e+00 2.653328288861358075e+00 -4.651989282892135869e+00 -7.813043292745045498e-01
1.806638468140101983e+00 -6.119336976145303808e+00 -4.151433153966761047e+00 1.660706772370058371e+00 3.291896258797426977e+00 -1.176793684998079348e+00 -8.165760969101675260e-01 -1.511529199409399782e+00 -2.874605167054388399e+00 -2.886860029250332360e+00 -2.381466752660408748e+00 -7.094581389525856707e+00 3.618481454118987362e+00 3.219302712997990312e+00 -1.550536189395375630e-01 -5.875965260065000528e+00 -3.994111642481342095e+00 -1.602598096760804447e-01 1.165089150589145639e+00 -5.762345182306082059e+00
-3.443199227466144929e+00 -6.812459440769347285e-01 3.048109989562112876e+00 -3.302269207357039438e+00 -1.116981130789610699e+00 -4.982305794859229309e+00 1.110419544053012075e-01 7.292082627013557472e-01 2.070644326952911118e+00 4.005335294359166909e+00 -6.505386871382930813e+00 -7.954422669062402029e-01 -5.284283741602227025e+00 3.930501128843857939e-01 -3.925880969321688951e+00 -5.224175425327492128e+00 3.253625477933131727e+00 -3.621934151875664032e+00 -1.928568902761511383e+00 1.144781770857841302e-01
-4.708218275870925673e+00 5.347090358308308922e+00 -2.053434633252133046e-01 -1.608136847135375191e+00 -3.432252890565776315e+00 9.469264587876344841e-01 -2.448842272013380228e+00 -8.175810212172879288e-01 -9.574287846480068476e-01 3.830552874305261923e+00 -2.287581204830961390e+00 -3.923768000125276600e+00 1.204621872647609448e+00 1.273766883072462885e+00 -2.556530509911624893e+00 3.966378394759017212e+00 9.423142905811879855e-01 -2.545929869028615844e+00 2.925805537608624718e+00 -5.334042074709197223e+00
1.402567452219529942e+00 2.260613978900479992e+00 -1.060930434787351828e+00 6.851400923169286727e+00 2.305837364877036055e+00 3.605015113623248890e+00 5.376241811327191478e+00 -5.449197436586318943e+00 5.673821070919504717e-01 1.575918452986547091e+00 3.059730547082710306e+00 -1.259391071870106550e-03 -2.500532904689310443e-01 -1.146778480912997722e+00 -2.434468491199253570e+00 4.029251104553145946e-01 -4.270853576725344602e+00 -2.242794565321107658e+00 -4.221048049582256212e+00 1.854426264548884040e+00
-5.453332375746615668e+00 -6.756371306888211414e-01 3.335545300844110272e+00 -3.863331825562740462e+00 -3.600076705911126940e+00 1.476340313030150453e+00 -6.018649423441367219e+00 -5.227808628412188297e-01 5.953114830521056611e+00 3.907307735025323581e+00 -7.551851444706512151e-01 4.122879788710559268e+00 6.395351992770966776e-01 3.506363891084668394e-02 -4.591138881925187043e+00 -1.636707409148714820e+00 8.395927775569183016e-01 5.450138598030569437e-01 -3.251297469977723065e+00 2.871474515210866940e+00
-4.647434992377488250e+00 -2.154602408296336868e+00 1.269458844006116971e+00 -4.744636170858235857e+00 3.202023164858916360e+00 -3.710006472962887880e+00 -5.286508104522045670e+00 -1.381031266474799790e-01 -6.965880332478145975e-01 3.269231868817683573e+00 -3.681083047908012329e+00 3.296714008181144351e+00 3.923183867633307287e+00 -1.428344381015844267e+00 -7.280513943624692397e-01 4.313167097309324127e+00 4.884917101108815274e+00 -5.248434193797170133e-01 -6.087340039558523097e-01 3.332746836861358197e+00
-4.071904862258109326e+00 -1.090292340981255936e+00 1.261941763600898270e+00 1.514649111595897324e+00 -2.405918514402424879e+00 5.765773257618685976e-01 5.032078868905552227e+00 -5.768493186208128343e+00 2.938684488015824048e+00 5.177427487737438661e+00 1.384608105882411566e+00 -7.781099168711258507e-01 2.444509011919183017e+00 2.518889648527649072e+00 5.203936442885839675e+00 6.263394454100259523e+00 -5.283839473273585163e+00 3.455731048496331503e+00 -1.987609679584897204e+00 1.648041329259444909e+00
-3.558669243285348838e+00 5.769451349877691371e+00 4.562217187757318659e-01 2.464768812938015863e+00 1.997719439727921209e+00 -3.116810611441461543e+00 -1.624534159749508877e+00 2.065630290631151611e-01 7.504156739224951411e-02 -2.731423467022596530e+00 -2.174319498736833278e+00 -5.927365736558485310e-01 -1.547814689938102672e+00 -4.924724198194824903e-02 3.041887068686743412e+00 -3.218150323636697618e-01 -4.975773691783103914e+00 3.827851418519269799e+00 -1.272977822270557446e+00 4.143294545270844731e-01
2.700256936678980590e+00 3.783820442316405241e+00 2.618142290372163505e-01 4.409187807703813355e+00 -4.065553203354390077e-01 1.999078807715884976e+00 4.176036379438950341e+00 1.481040331048598446e+00 8.711759309299857978e-01 4.917387756606320437e+00 4.374790800404593227e+00 2.027945142984495241e+00 2.222037261448874812e+00 1.722881907731470985e+00 -4.387279032713951032e+00 1.380327165279244372e+00 4.334145358587571550e+00 4.640363052506025987e+00 -5.061681788117209813e+00 -9.796575259690858406e-01
-3.390669700577461310e+00 -2.864366004053898740e-01 -1.142921749445855895e+00 -4.024233026840688510e+00 -2.036504453752221444e+00 -6.240364126072121209e+00 5.635874283056456768e+00 -4.262271612617448469e+00 5.832993611186751082e+00 -5.093334196529161417e+00 -2.435872697141703735e+00 8.327944422119284429e-01 3.967312499212035437e+00 4.782454062142492468e+00 -8.455411833366751617e-01 -1.111185003612778610e+00 -2.648205090653946936e+00 -1.241984548537721444e+00 1.333253401906930868e+00 6.417565686819092896e+00
-2.220923304742944637e+00 -9.082262888029897230e-01 3.008920433533576855e+00 -4.478491097364742934e+00 -8.205382112806577366e-01 2.858185111114771360e+00 -4.095042142577050293e-02 -2.963900403785142856e+00 -5.600201628598813208e+00 -1.190782525912973844e+00 5.132658746888505874e+00 3.017144928066018750e+00 3.815279993523633895e+00 1.404519842153866049e+00 -1.112984484813851704e+00 5.900080879665921429e+00 -2.674886421582630458e+00 1.511294388458424676e+00 1.233521107662804761e+00 1.407605922454633784e+00
3.464732557777326694e+00 -2.066303326172674648e+00 2.119865623907223551e+00 -7.210165385281995798e-01 3.628786610540434054e+00 3.749886241540989484e+00 -4.102991905731599331e+00 -3.263201365499664441e-01 2.894570505095765522e+00 1.055484743839850692e+00 -1.143215403980272882e+00 4.212027622408638372e+00 1.398305650085048535e-01 -5.898061510790370221e+00 -1.412725760132888864e+00 1.988038577556465292e+00 -4.173595038042153149e+00 -5.058265841243809735e-01 2.378775647270235272e+00 5.942986941989354399e-01
1.290102367231614311e+00 4.572027168588543411e+00 5.079983664290060652e+00 -3.212117809239910304e+00 -2.850326643681237115e+00 -5.453286333672718200e+00 -5.836974363834532831e+00 -1.972517634873946379e+00 -4.598836736888131327e+00 -1.747454217925936248e+00 4.304009212955626218e+00 5.657912684092913480e+00 3.849781206486892149e+00 6.276058365809674022e+00 -4.410120603012886775e+00 1.960693447292961356e+00 -5.368596956916607432e+00 -1.882992916778531090e+00 5.855122939748872435e-01 -2.961159859007157280e+00
-1.964210080756124910e+00 -6.528669195832317307e-01 -3.188552864608660276e+00 -3.174552519480413615e+00 2.637577033312415775e+00 3.815670806820725680e+00 -2.006848194829453647e+00 -2.924913128849955246e-01 -2.889273875529450475e+00 4.765454252368997778e+00 2.373052170866992494e+00 -3.269261163929083391e+00 4.746434610644771901e+00 2.277019640403409095e+00 3.978712846898156741e+00 -3.472596491814369024e+00 -3.077124832886987793e+00 -9.138172186530730823e-01 -4.550286435532024498e+00 5.039017303258448877e+00
-5.835641593462898236e+00 -7.624684457772925583e-01 -3.696037409835299048e+00 -2.090333338247635897e+00 4.704223105875278144e+00 3.952695955011801265e-01 -7.070176014367972606e-01 3.277529031875504373e+00 1.779047390415294361e+00 1.292472118218405575e+00 -5.100893638260637353e+00 1.421120622787429344e+00 2.459486320487478395e+00 4.011290600304076470e+00 7.842548414592485084e-01 5.508038098129116600e-01 -2.398549132053431343e-01 -1.400615301021642667e+00 2.664180632329532727e+00 9.484157550001498516e-01
4.765747169480063938e+00 2.312978025052813802e+00 -2.582978451622952587e+00 7.242853471228564155e-01 3.603214382097771895e-01 2.418155475929366194e+00 -3.364972892052202180e+00 -2.870937054093186891e+00 2.012700014339157129e+00 -2.326481016039588567e+00 -2.977171714107737177e+00 -7.427112771804058600e-01 -4.779090139488774369e+00 2.578234122362090819e-01 -4.532522267457285814e+00 -1.582532201172795361e+00 1.389550045269539291e+00 1.349650845141362243e+00 -2.241411946341157257e+00 -2.587903722682722396e+00
1.831076509697410204e+00 2.009130411474534250e-01 2.955658758043231860e+00 9.589740600779633750e-01 8.189078672716908480e-01 2.150219399818564359e+00 6.370441833218211336e+00 2.568533423405663374e-01 1.936723751290008622e+00 1.245969520107883977e+00 -7.650920950437718471e-01 -2.088895436994726573e+00 4.842512349208170974e+00 -4.306412478999064875e-01 2.239469478104670674e+00 -2.029241240260945212e+00 -2.727318812860413999e+00 3.609199574522168774e+00 -3.170805778936607755e+00 -3.214824922743033220e+00
2.633863491529668366e+00 -1.222725059044823537e+00 3.303436003226322359e+00 -3.328262689292482701e+00 1.008180209769816260e+00 -2.254064644535871853e+00 2.825139418216260356e+00 2.264651592567487270e+00 -1.139335532842657095e+00 1.730020785967590013e+00 -3.919813001778680750e+00 -2.958514741952696370e-01 1.593022072899548336e+00 2.546288423524386335e+00 -3.859150802210752129e+00 -4.548903359346557984e+00 -2.206713689153650293e+00 4.696765706517199490e+00 1.673999201582957730e-01 -3.303196019045690157e+00
-6.624665341891560644e+00 -4.947054782304602050e+00 -6.141100468942137347e+00 3.230919740931216921e+00 4.950138441879505358e+00 -1.898875302063275372e+00 1.072561321871212447e+00 -2.497270472621230031e+00 -3.588682594415323113e+00 2.812765943700586746e+00 -8.686926677745079317e-01 1.836071793908129690e+00 2.445719791162546120e+00 4.476906195648182596e+00 2.859018524040312315e+00 -2.701350666485347940e+00 -1.599321238371137488e+00 4.370019721119160039e+00 -2.580672298746001569e+00 -2.169398348291133871e+00
