-1.630752941913515386e+01 3.484712634681012555e-01 8.740291921868147185e+00 -6.670305831615085168e+00 -2.962982723164967469e-01 -9.825026298653635193e-01 2.698575042063560581e+00 1.296453285226789909e+01 -2.105205694677498851e+00 1.819495441041941053e+00 6.665250280672071481e-01 -3.556312081032536820e+00 -1.652398860326009244e-01 -1.331621717125664084e+01 8.395964135008398443e+00 -1.131179418990125107e+01 2.514056739830394349e+00 -4.994759795605387964e-01 3.977599860596546577e+00 -1.039575947819151658e+01
5.120520163019565141e-01 -2.331987721274396019e+00 -4.070754963036030821e-02 -4.380923682522873008e+00 2.075043202560610811e-01 -3.994175856225815835e+00 -2.308271800810261620e+00 -1.166822176727390081e-01 -3.927117057392943700e+00 -3.402331796989325752e-01 -7.973487152107276543e+00 -1.089913383749848208e+01 -4.667604731220830416e+00 1.233789475224980947e+00 9.419693394407158138e+00 -5.797539385898597963e+00 1.474190578797625406e+01 -6.576218770906554489e-01 1.425172468989630303e+01 1.059653016471269638e+01
9.031384849902357459e+00 3.260413287666098725e+00 1.498787895568782780e+00 2.603050700700158870e+00 -1.705235093065606833e+00 6.468388364358337306e+00 4.033050458092541035e+00 -7.938316217088502436e-01 -9.938550023327756833e+00 5.283330232864350329e+00 8.168619373493115177e+00 -2.313008879142282037e+00 9.613859487463621178e+00 -4.195893638036285012e+00 1.192840844692772961e+01 3.557287027903805576e+00 7.238170053194817655e+00 -5.312886645022188326e+00 -2.492599183792016060e+00 -1.896780104418853696e+00
7.358432071185094792e+00 3.242889729603666726e+00 -1.121948647560569512e+01 8.669248581833526757e+00 7.138623365304977320e+00 -2.358848562345143396e+00 7.476534278969453773e+00 -1.130006999738123419e+01 -7.294965530460035374e+00 3.842306485007748407e+00 6.391783284653204333e+00 -5.093012122346701531e+00 -4.669631641502883568e+00 -7.821869559762544277e+00 6.257040590279414616e+00 8.519802767718008596e+00 -4.155525787509652069e+00 -5.144794598709482081e+00 6.111692781760322823e+00 -1.052543146776381278e+01
-1.114222551047760579e+00 -3.876176491168745297e+00 9.842371673305487789e+00 5.550258037340178419e+00 5.568789262958037334e+00 9.502412434321776402e-01 -7.032098036316607015e+00 4.712892297392929919e+00 5.579051317667405030e+00 -3.360172042102733680e+00 6.667603315597392388e+00 8.623166529194284280e+00 -2.545224082540721078e+00 -5.956369398627677114e+00 8.851888154970556144e+00 -2.131253404639394589e+01 2.919390990306154787e+00 -4.977725655773007851e+00 -6.379686755935465747e+00 -2.998686067250763809e+00
-5.635848837290876823e+00 -2.226043309439071027e+00 -8.063127068578358481e-01 1.899509257319225597e+00 4.716579991713525821e+00 -1.811658734497030299e-01 -3.537667824063051025e+00 -2.345492060866666062e+00 -5.910231911904222812e+00 -1.215081720303335722e+01 -1.024989473113940086e+01 3.251137778013509116e+00 -7.622277518101348015e+00 -6.766951541007710347e+00 -2.529161857137736114e+00 1.344121314866199679e+00 -3.035213949176216452e+00 1.074271667217909432e+01 5.149036430529082331e+00 -2.246373979663953246e+00
-1.744156083989149053e+01 4.934166857522688687e+00 4.514769879871978198e+00 -4.172728135055128185e+00 -4.925341101008685385e+00 3.206937630304848685e+00 2.500523319523522137e+00 2.666789103245470027e+00 1.220374420753677214e+01 -2.919564195512058813e+00 -8.950471210213802209e+00 1.462736173616195146e+01 -5.541630375520743002e+00 -7.105853347731970970e+00 1.883366073305632549e+00 4.511038551884897885e+00 -4.995306133549834549e+00 4.551483202193371547e-01 9.363414162509304361e+00 1.178114147843927206e+01
7.124808904131127107e+00 -3.629871985908859067e+00 -3.407705245564105034e+00 -1.353273317956808608e+00 3.416949158659785546e+00 3.344310529515506225e+00 1.335065046570458103e+00 -7.522447333914379364e-01 4.144487931504725609e+00 2.034937802370573312e+00 -1.476400187197566005e+01 6.267100405971908650e+00 3.449712637783918012e+00 -1.143654264439936874e+01 4.920033913238006207e+00 -3.935904917849300855e+00 6.168804926366292740e+00 1.522298424639589420e+01 -6.698454925331559728e+00 -2.585791371017386986e+00
7.047055217806541982e+00 9.436851077332757409e-01 -4.996945449487119717e+00 3.435358949661782013e+00 1.242246687810948158e+00 5.972485818763118459e+00 6.658257903471885619e+00 -2.613526644296304102e+00 7.351858699527224594e+00 9.677681246531784964e+00 -2.469405662141576641e-01 4.181811995962545048e+00 -9.144235302659623699e+00 3.632342509529155605e-01 -9.982088286460040649e+00 -3.786656013745130611e+00 1.042749558087835737e+01 -9.490626029037779077e+00 4.265175786768029553e+00 -1.970560568931520651e+00
1.124743786953993130e+00 -3.054899415973249543e-01 3.168903548856315311e+00 -2.571699506127932633e+00 -2.915854216395343368e+00 -5.710818527242008891e+00 -6.622611341745753499e+00 8.751909499488933264e+00 -5.736462145746649810e+00 1.048757534158778881e+01 2.822176524949566279e+00 1.131192151137480906e+01 -3.806617266997621929e+00 -1.151474545962559048e+01 -2.207754955251457929e+00 -2.771978864033147749e-01 1.050336827879915269e+01 4.134094254199422558e+00 4.901853232155417572e+00 1.567113081598421109e+00
-3.564764887355342360e+00 -3.205400906797110316e+00 2.930053009079067738e+00 1.635961002347711357e+00 -6.897525054693823821e-01 2.055134444959517026e+00 -3.411823761471413974e+00 -1.268904850121083783e+01 1.907703984558490440e+00 1.043974528189156814e+01 -3.235325762987708131e+00 5.306790770045065386e+00 1.194334583916515591e+01 4.357315219147696261e+00 -4.601523880640272068e+00 -9.464879309295711751e-01 -3.227081666605890575e+00 3.454207982862650628e+00 -1.453380893398472473e+01 6.166485867332045956e+00
-4.097073260158753394e-01 3.187997504863287368e+00 -4.519145659435247708e+00 2.920633998765441053e+00 4.745433612472208296e+00 -1.801998731515452201e+00 2.449922656529933906e+00 -9.267729692200690761e-02 -8.700097182777200899e+00 1.339949526444827121e+01 -1.126847932980095202e+01 -1.443425338096347232e+01 -1.496718924671872619e+00 6.968772896458706789e+00 3.034655482164299922e+00 -2.770938000141664581e+00 2.500299898623691064e+00 8.098790489801842796e+00 1.106057335477868087e+01 8.813185660219119200e+00
-7.480271292919828063e+00 3.145067204499459201e+00 4.821307978225965130e+00 -1.792783261155050045e+00 2.770457925405519273e+00 -6.310661423027795758e-01 -2.880199045434073124e+00 1.291866036292937281e+01 -5.869009290129119982e+00 1.116738780618774562e+01 -7.479982142044121041e+00 7.313371554094080018e+00 -5.464586304990203480e+00 -8.748255701154441510e+00 -4.624534067325426712e+00 9.871787913218849297e+00 -1.708976668614314187e+00 3.735155697751622927e+00 -4.702076871571040151e+00 -4.568687664439756269e+00
2.092302853198204193e+00 3.363759279280804204e+00 4.627299235014898926e-01 3.174122018751830421e+00 1.332757073687710792e+00 -4.207535117233371480e+00 -1.508225742145899551e+00 -1.973420674403106423e+00 -5.236572076810566578e+00 7.219681541241468103e+00 3.078156670371538617e+00 -3.398127239207666683e+00 -1.386536632176489725e+01 -2.727511832495457700e+00 -9.095258062572966651e+00 5.928611535733202764e+00 8.557195850943884352e+00 3.881055471883561925e+00 -2.707388977737227087e+00 5.482149896833638181e+00
-1.645598959628467739e+01 -5.617475572309458265e+00 6.923391843348047026e+00 -1.300829317418528142e+01 -8.107623141904555908e+00 3.211238566949967232e+00 2.861654246083358721e+00 -2.072503797348864030e+00 -7.591195147853885494e+00 1.146484438611904966e-01 1.098340781359277152e+00 3.894876755809947855e-02 -1.328543533767947515e+01 -1.109652995884556237e+00 1.046846518582409935e+01 7.277995784649022859e+00 2.562007957486142296e+00 -3.409047219714274490e+00 -1.200153634000735536e+01 1.513552562723823236e+01
3.745784027750107104e+00 -9.814573932572820958e-01 -4.102704946098802985e+00 -2.208825081434545368e+00 1.616289270244416709e+00 5.576306612407115892e+00 5.470998447159166611e-01 6.248345878062626646e+00 -8.611580813191363148e+00 -1.694664560379818496e+01 -7.985189674371446777e-01 -9.749494480032737664e-01 5.279383949617298732e+00 -4.993040438010283744e+00 -9.824621287862354890e+00 5.506843650719586591e+00 1.370434529800315282e+01 2.835436839799914122e+00 -2.193359572247980172e+00 3.677789052475513465e+00
6.293982546338996897e+00 -5.005135043762207303e+00 -7.801343635292448120e+00 -3.551274466021531406e+00 -5.791507836386736052e+00 4.035968470613646275e+00 -6.689632595728100206e+00 -5.941658864306909038e+00 9.288558271780635422e+00 4.947632299922418042e+00 1.283810269628621370e+01 1.188529297563264642e+01 -3.643459928954673632e+00 -1.466223558471503274e+01 6.939694336759029414e-02 -3.541458897102429670e+00 8.010389880306775012e+00 3.111017471971523563e+00 -2.615919339802673882e+00 1.183883719434608794e+00
-2.747868210031463310e+00 -6.757799309917468245e-01 5.518153188933681896e+00 -4.528279666321203045e+00 -1.699300232478399453e+00 1.782645378230798050e+00 -1.262640260835266703e+00 1.007491842309961072e+01 1.157870120896547661e+01 -2.453089851734055582e+00 -3.254366581463890906e+00 -9.019894510611591087e+00 1.014795305266150471e+01 -1.049020098499154230e+01 4.090192210722626065e+00 -6.775958768688385980e+00 8.281744537247950788e+00 -1.364928295997368934e+01 -4.035718186671456209e+00 3.271452591542606925e+00
1.693181432040224088e+00 2.819178910076852951e+00 -1.671030617494655868e+00 6.399786137763305405e+00 7.909999070964981449e-01 2.333840494707220881e+00 3.024875856394706464e+00 1.515430944922688994e+01 8.027792725700614085e+00 9.975665397436580761e+00 -7.361890646938973326e+00 6.514754616503455331e-01 -7.431692087642125522e+00 7.508081330810281173e-01 -1.547171000927267892e+00 -4.629169054243777559e+00 -1.533497598418252839e+00 -1.351118707208786063e+01 -4.350672582300695979e+00 5.240278557210635846e+00
1.197275503099548288e+01 2.322817019332156008e+00 -7.173575882849397622e+00 4.482822590007749852e+00 8.441602104139679597e+00 3.726657215189248529e+00 -7.084246623762669337e+00 -1.485459298086382329e-01 1.145855983428667102e+01 2.917612652520299998e-01 -4.537194954357329557e+00 -6.034537960820398617e+00 -5.363421558261746824e+00 1.770317735205631182e+00 1.040431075683765805e+01 -5.808343996218165994e-01 8.075048012089883542e+00 -5.571405544178836600e+00 3.146829016724400407e+00 -1.125407311731247084e+00
